Validation Accuracy	Validation Loss	Training Accuracy	Training Loss
0.0037082818	38138860.0	0.0048	10462.474
0.02843016	57591360000.0	0.024	38502716.0
0.043881334	52144040000.0	0.0496	58458740000.0
0.048207663	5885206500.0	0.0664	54000550000.0
0.02843016	68283875000.0	0.024	6436344000.0
0.013597033	111539970000.0	0.0104	68132470000.0
0.02843016	102880720000.0	0.0256	112918300000.0
0.043881334	156194390000.0	0.0576	105174180000.0
0.017305315	138345920000.0	0.016	156272020000.0
0.0049443757	107319935000.0	0.0096	137999730000.0
0.02843016	97352730000.0	0.0224	106336820000.0
0.013597033	426194140000.0	0.012	96904970000.0
0.02843016	181871020000.0	0.0352	430511360000.0
0.037700865	178601480000.0	0.0384	169548960000.0
0.02843016	1039674970000.0	0.0304	179007010000.0
0.0512979	575168200000.0	0.0496	1048517150000.0
0.038318913	993255400000.0	0.0448	531210960000.0
0.038318913	795625200000.0	0.0304	1002624250000.0
0.013597033	349115420000.0	0.0096	788850700000.0
0.0018541409	516559930000.0	0.0048	352668940000.0
0.013597033	176003780000.0	0.0152	515506830000.0
0.045735475	240835170000.0	0.048	168998850000.0
0.043881334	1361872800000.0	0.0432	241508990000.0
0.0407911	589619660000.0	0.0424	1339833500000.0
0.005562423	767408900000.0	0.0024	562224500000.0
0.012978987	372393280000.0	0.0208	721017700000.0
0.043263286	1133256800000.0	0.0456	381343800000.0
0.038318913	522265700000.0	0.0384	1146699500000.0
0.04697157	77464200000.0	0.0312	527139800000.0
0.013597033	758434300000.0	0.012	75821154000.0
0.012978987	225220410000.0	0.0128	761526000000.0
0.05871446	345002700000.0	0.0728	214149600000.0
0.059950557	243983160000.0	0.0808	327050230000.0
0.07849196	466287500000.0	0.0984	237837060000.0
0.056242276	356541600000.0	0.052	463555900000.0
0.07849196	224547750000.0	0.072	349380440000.0
0.06922126	266749940000.0	0.0768	231173230000.0
0.045735475	145142640000.0	0.056	262238780000.0
0.10630408	294976720000.0	0.1056	142096630000.0
0.09332509	106763630000.0	0.1008	295151300000.0
0.045735475	158987800000.0	0.0384	106682910000.0
0.0037082818	158835800000.0	0.0056	155224700000.0
0.043881334	270567360000.0	0.048	166500550000.0
0.09579728	64513065000.0	0.1128	267995170000.0
0.15574783	103696800000.0	0.1472	64144110000.0
0.19530284	64879546000.0	0.1856	107056470000.0
0.12917182	88295965000.0	0.1416	65774130000.0
0.092089	88750180000.0	0.0992	98280240000.0
0.15574783	75405640000.0	0.156	89175930000.0
0.056242276	99862870000.0	0.0728	79030510000.0
0.0710754	60436090000.0	0.076	98856850000.0
0.058096416	34245618000.0	0.0704	59104784000.0
0.08405439	46868420000.0	0.104	34258782000.0
0.04944376	46417347000.0	0.0536	50815970000.0
0.09023486	39688372000.0	0.104	49382797000.0
0.14585909	31635515000.0	0.1512	41435234000.0
0.14091471	29709621000.0	0.1528	33234000000.0
0.103831895	29116836000.0	0.1088	31110914000.0
0.08652657	25315510000.0	0.0888	30952004000.0
0.096415326	23602307000.0	0.0952	26310640000.0
0.08838072	20001909000.0	0.108	23275522000.0
0.10568603	16370846000.0	0.104	20434502000.0
0.12917182	14160234000.0	0.1312	16904151000.0
0.14833127	11482043000.0	0.148	14714220000.0
0.18726823	9593709000.0	0.1912	12103713000.0
0.1538937	9295535000.0	0.1472	9904429000.0
0.11433869	9293411000.0	0.1232	9447470000.0
0.11310259	8798222000.0	0.1312	9401470000.0
0.14771323	7831638000.0	0.16	8657172000.0
0.13288009	6867275300.0	0.1456	7569004000.0
0.1025958	6175101000.0	0.1112	7364194300.0
0.13164401	6883621400.0	0.1328	6127727600.0
0.17305315	6033669600.0	0.1624	7079647700.0
0.18788628	7352587300.0	0.192	6247431700.0
0.25030902	6084796000.0	0.2648	6775911000.0
0.24412856	4944444000.0	0.2616	5964117000.0
0.25587144	4624539000.0	0.2616	4627644000.0
0.22126082	3461308000.0	0.2112	4797842000.0
0.27070457	3759045000.0	0.2696	3255436500.0
0.30840543	3125614800.0	0.3288	3417258500.0
0.29480842	3706144000.0	0.2904	3134306800.0
0.3182942	3254298400.0	0.2944	3759989200.0
0.35475895	2628811300.0	0.3464	3461832700.0
0.3658838	2438638800.0	0.3664	2473590500.0
0.32138443	2506747000.0	0.3472	2388704500.0
0.37021014	2390604500.0	0.348	2709144000.0
0.39184177	2165930200.0	0.4112	2337947400.0
0.3961681	1883524100.0	0.3792	2209330400.0
0.38071692	1721202200.0	0.388	1973902200.0
0.39431396	1634121500.0	0.3928	1746415100.0
0.43572313	1425902600.0	0.4288	1583077200.0
0.47836834	1242362600.0	0.488	1308714900.0
0.48393077	1205771100.0	0.4896	1178621400.0
0.49814585	1118809300.0	0.4808	1231048300.0
0.5197775	1017024260.0	0.5104	1011584800.0
0.5185414	937158800.0	0.5232	874676500.0
0.539555	857539600.0	0.552	817081400.0
0.58281827	751230850.0	0.5736	833964000.0
0.592089	716877950.0	0.6072	679283700.0
0.5698393	757758000.0	0.5912	725395140.0
0.57045734	709233860.0	0.5832	688076600.0
0.57911	631757400.0	0.5848	613286140.0
0.52163166	668458100.0	0.5264	531318850.0
0.4907293	679042700.0	0.5024	651112100.0
0.553152	602854400.0	0.6024	550395400.0
0.6075402	565137300.0	0.6176	485954880.0
0.6347342	535269540.0	0.6568	509077060.0
0.63349813	515376640.0	0.628	488681920.0
0.6266996	500408670.0	0.6352	408727580.0
0.6396786	459462530.0	0.6704	403739550.0
0.6637824	422016030.0	0.7128	316207740.0
0.6483313	411955650.0	0.6688	366108320.0
0.631644	406969660.0	0.6888	331155200.0
0.6619283	375534660.0	0.6808	355085920.0
0.6922126	345558560.0	0.7152	308124220.0
0.7039555	332830050.0	0.752	270633100.0
0.71075404	327280670.0	0.7376	267476530.0
0.7132262	318452960.0	0.7112	306132260.0
0.7274413	306021380.0	0.7648	251526020.0
0.72805935	288822000.0	0.7504	245666370.0
0.71631646	284463200.0	0.7504	244783460.0
0.68850434	289961630.0	0.7032	259404000.0
0.6928307	284591170.0	0.7256	205889150.0
0.7169345	273013730.0	0.7368	230989920.0
0.7354759	261109150.0	0.7552	267512030.0
0.7441285	257429820.0	0.7584	218939620.0
0.7490729	252329730.0	0.7464	219529170.0
0.7552534	245568820.0	0.7696	197031540.0
0.7472188	247208980.0	0.772	184988800.0
0.7521632	233986370.0	0.7752	191851100.0
0.74536467	232316980.0	0.7648	220606380.0
0.7305315	234400100.0	0.7648	198057260.0
0.73856616	222052140.0	0.768	175524200.0
0.73609394	224906610.0	0.7904	173695330.0
0.7521632	210395540.0	0.7904	208682980.0
0.76390606	201240430.0	0.7656	188611660.0
0.7441285	210583730.0	0.7424	141794700.0
0.7781211	195654770.0	0.8008	168983620.0
0.7725587	193024050.0	0.7848	155960290.0
0.7781211	190373540.0	0.8056	151832480.0
0.77688503	187313020.0	0.8008	159957020.0
0.7731768	186808140.0	0.8064	125631150.0
0.7725587	184001000.0	0.8056	150300200.0
0.77935725	177159380.0	0.8224	130269640.0
0.7799753	174536000.0	0.8216	119929120.0
0.78924596	168025120.0	0.8264	126163450.0
0.7923362	166219280.0	0.8152	127681510.0
0.79666257	162454080.0	0.8192	110700240.0
0.7948084	160368640.0	0.8152	128097810.0
0.7985167	158758200.0	0.8232	104324420.0
0.7997528	156756780.0	0.8232	133478060.0
0.7917182	154548080.0	0.82	131870230.0
0.78924596	155197100.0	0.816	110726680.0
0.79295427	153321710.0	0.82	106594104.0
0.79295427	151023200.0	0.8504	91415910.0
0.7997528	148007150.0	0.8368	108430420.0
0.8077874	145370720.0	0.8416	80391064.0
0.8102596	144079360.0	0.8456	88641280.0
0.81273174	141186560.0	0.844	105733544.0
0.8090235	138849600.0	0.8328	102835464.0
0.7997528	137963180.0	0.8544	77722136.0
0.8003708	138077150.0	0.8416	101258110.0
0.8016069	137223840.0	0.8392	80555610.0
0.79913473	137936690.0	0.8584	81634070.0
0.80593324	132805440.0	0.8736	70399520.0
0.8102596	133585540.0	0.8184	115986280.0
0.80964154	130392480.0	0.8448	100418290.0
0.8090235	130791450.0	0.8504	102062840.0
0.8071693	131253070.0	0.8512	76621980.0
0.8053152	131787610.0	0.8304	98724330.0
0.8102596	128130584.0	0.8424	94250860.0
0.8065513	125144860.0	0.852	82121384.0
0.80469716	125969410.0	0.8456	83557864.0
0.815822	120680170.0	0.8632	77581250.0
0.8145859	123127420.0	0.8584	60110210.0
0.8195303	118894790.0	0.8584	79557820.0
0.80840546	120879770.0	0.8392	72862360.0
0.8195303	117428424.0	0.848	93676200.0
0.81829417	118427940.0	0.8768	64629430.0
0.81644005	115358610.0	0.8648	64010330.0
0.8040791	120055656.0	0.8584	67881860.0
0.8238566	113131760.0	0.8648	74543120.0
0.8176761	115254696.0	0.8624	54239676.0
0.8145859	110949980.0	0.8584	76822870.0
0.8102596	112628520.0	0.8592	64644200.0
0.81829417	107855260.0	0.8736	67776930.0
0.8226205	108174490.0	0.8488	65663636.0
0.82818294	105053900.0	0.884	74514936.0
0.82447463	106474010.0	0.8808	68870600.0
0.829419	103584056.0	0.8872	57309332.0
0.82818294	102225270.0	0.8816	60673308.0
0.82694685	100911384.0	0.8712	64159788.0
0.82694685	100559950.0	0.8648	64556250.0
0.8312732	100432960.0	0.8752	79130820.0
0.828801	100023790.0	0.8864	51553044.0
0.8226205	100180420.0	0.8704	64398936.0
0.8257108	98716800.0	0.872	58311988.0
0.82509273	99553690.0	0.8872	36553964.0
0.828801	97764216.0	0.8792	53187028.0
0.8034611	106251270.0	0.8464	55520068.0
0.83065516	94133500.0	0.8784	59587520.0
0.828801	96869210.0	0.856	52376090.0
0.829419	93879816.0	0.8848	60048716.0
0.8145859	100350560.0	0.844	58051204.0
0.83189124	91793680.0	0.8808	64199030.0
0.82014835	101933450.0	0.8592	46471736.0
0.8226205	95746300.0	0.8736	69707384.0
0.8016069	107630650.0	0.8472	51653572.0
0.81149566	105111290.0	0.8672	60826104.0
0.8362176	94664230.0	0.8712	70157250.0
0.7886279	119869390.0	0.8248	72480160.0
0.7948084	119344056.0	0.8344	72409576.0
0.79666257	130154536.0	0.8432	74854180.0
0.8003708	122785350.0	0.8208	92431970.0
0.8195303	110348510.0	0.8496	77184350.0
0.8170581	108253256.0	0.832	68481150.0
0.8189122	106853560.0	0.864	63272790.0
0.81149566	108931650.0	0.8648	57452336.0
0.8139679	113003750.0	0.8528	64997764.0
0.8145859	112834856.0	0.8368	83208470.0
0.8207664	106882750.0	0.852	75973180.0
0.8312732	100189576.0	0.8696	84899510.0
0.83065516	94459144.0	0.896	45488000.0
0.83189124	89805870.0	0.88	53303990.0
0.8312732	90119656.0	0.8784	46527252.0
0.8312732	88460216.0	0.8856	48852756.0
0.83003706	86458590.0	0.8928	53737600.0
0.8355995	85499370.0	0.8928	53597492.0
0.82818294	86458900.0	0.8912	46920120.0
0.8176761	86524920.0	0.8896	54918508.0
0.8053152	84524770.0	0.8408	67784904.0
0.815822	82575650.0	0.8584	47178252.0
0.815822	84724040.0	0.8784	57730810.0
0.82509273	83836300.0	0.8752	41914812.0
0.82509273	84969290.0	0.884	47657292.0
0.83189124	82994870.0	0.8936	53308780.0
0.8312732	81728690.0	0.8792	47470170.0
0.8393078	81199500.0	0.9	41402788.0
0.8380717	77770970.0	0.9008	52336604.0
0.8393078	78910660.0	0.8928	36950644.0
0.8498146	75496264.0	0.9016	30687648.0
0.85228676	75880730.0	0.8952	35848490.0
0.854759	74173510.0	0.8992	55305650.0
0.8498146	74366750.0	0.8968	39490756.0
0.84919655	73509280.0	0.8872	49409052.0
0.84548825	75376550.0	0.9048	37703590.0
0.84672433	74802800.0	0.916	30305170.0
0.85599506	71391880.0	0.8928	43078280.0
0.84239805	75374350.0	0.904	42342276.0
0.8498146	72300460.0	0.9096	40042190.0
0.85043263	71815080.0	0.9096	28039470.0
0.84548825	71245810.0	0.9104	32859956.0
0.83498144	74206060.0	0.9008	35160760.0
0.8411619	74753500.0	0.8808	41707750.0
0.84425217	69841670.0	0.9096	40871510.0
0.8325093	75167940.0	0.8872	34407970.0
0.8473424	69879650.0	0.9128	36719084.0
0.855377	71249970.0	0.9	35480828.0
0.84425217	71726616.0	0.9096	30212788.0
0.83868974	70133210.0	0.9152	30840524.0
0.8584672	65412456.0	0.9216	30132502.0
0.8430161	67864580.0	0.9016	28610940.0
0.84672433	67120000.0	0.884	33110292.0
0.8566131	63604180.0	0.9104	29731582.0
0.8399258	66512664.0	0.8864	31175708.0
0.84672433	64153464.0	0.9152	29222696.0
0.854759	62563330.0	0.9128	27570498.0
0.8473424	68283490.0	0.9048	33025442.0
0.8362176	67269270.0	0.9064	29826216.0
0.8436341	65280700.0	0.9152	33757276.0
0.8399258	69417980.0	0.9032	28562958.0
0.8516687	65187476.0	0.9272	35421076.0
0.83189124	67688570.0	0.8976	33033338.0
0.85414094	63558980.0	0.9248	30411610.0
0.8516687	66041624.0	0.8912	24654082.0
0.8510507	60952684.0	0.92	42004344.0
0.8331273	66695750.0	0.8896	30722494.0
0.855377	61909060.0	0.9104	34116410.0
0.85970336	60858812.0	0.9168	17716012.0
0.8498146	62002988.0	0.9112	23690178.0
0.85970336	59806776.0	0.9344	26323306.0
0.85723114	60976050.0	0.9232	22528134.0
0.83003706	70191320.0	0.8896	27188166.0
0.8516687	60759052.0	0.9312	28380708.0
0.8479605	64207376.0	0.9008	22587668.0
0.8485785	63145828.0	0.8984	34712420.0
0.85723114	60843744.0	0.9192	32849232.0
0.8535229	61627370.0	0.92	17824872.0
0.84919655	60588304.0	0.9056	32332566.0
0.85043263	58874584.0	0.9248	22987000.0
0.854759	59884360.0	0.9192	26437554.0
0.85970336	57937230.0	0.9136	26322574.0
0.854759	57638830.0	0.9296	20315150.0
0.8436341	59935260.0	0.9248	26124990.0
0.85043263	59649590.0	0.9024	29811382.0
0.854759	57240260.0	0.9208	26960286.0
0.84548825	59290344.0	0.9168	17214812.0
0.85599506	57021220.0	0.9096	29188758.0
0.8615575	54616476.0	0.92	26613474.0
0.84919655	56981092.0	0.9072	35415132.0
0.85723114	56007332.0	0.9392	21713552.0
0.8399258	63597816.0	0.896	16040724.0
0.83868974	59531450.0	0.9296	23656734.0
0.86093944	55136636.0	0.9256	31833110.0
0.86093944	55322290.0	0.9312	25088964.0
0.85414094	54951120.0	0.9288	19938700.0
0.85723114	55057096.0	0.912	27755990.0
0.86279356	54757310.0	0.932	24610866.0
0.8584672	54870516.0	0.9224	16284446.0
0.8615575	53738164.0	0.9328	14338038.0
0.86279356	52784916.0	0.9368	15428574.0
0.8621755	52942052.0	0.9248	19324924.0
0.8621755	52878904.0	0.9448	13949819.0
0.86279356	52082068.0	0.9328	21308418.0
0.86402965	52034116.0	0.9296	20656830.0
0.8535229	54886136.0	0.9224	21531436.0
0.85599506	53402110.0	0.9256	21962884.0
0.85970336	52296550.0	0.9296	18534700.0
0.8461063	54852276.0	0.9056	19121000.0
0.8603214	52634550.0	0.9376	21372116.0
0.85970336	52238420.0	0.92	22700348.0
0.8510507	53424570.0	0.92	28326616.0
0.8646477	49534840.0	0.9296	20882872.0
0.85908526	51315976.0	0.9344	18230276.0
0.86279356	49471360.0	0.936	16001684.0
0.8634116	48973016.0	0.9432	14516652.0
0.8671199	48489724.0	0.9496	12039706.0
0.8652658	49340230.0	0.936	18108950.0
0.86650187	48289332.0	0.952	9745044.0
0.86402965	48705000.0	0.9504	14519537.0
0.8634116	49451980.0	0.9376	17875760.0
0.8646477	51098464.0	0.9288	21898032.0
0.84177995	54147210.0	0.9128	22155260.0
0.855377	54524560.0	0.9096	20945338.0
0.8646477	49024668.0	0.9488	17847006.0
0.829419	57353360.0	0.8928	21175292.0
0.81829417	65386340.0	0.8512	20317396.0
0.76205194	84909270.0	0.8088	29168544.0
0.81829417	74414670.0	0.832	43553464.0
0.86402965	52314050.0	0.9312	44429450.0
0.81149566	72725176.0	0.8624	19740336.0
0.8529048	56322412.0	0.9144	34538980.0
0.8430161	61029424.0	0.88	27509864.0
0.82509273	62617116.0	0.8896	26136664.0
0.86093944	51036250.0	0.9504	24120470.0
0.85599506	55026250.0	0.9224	19614736.0
0.85970336	50025420.0	0.9384	17882344.0
0.8479605	53271296.0	0.9144	16210536.0
0.86773795	51036480.0	0.9192	17321496.0
0.86650187	50416104.0	0.9448	18972886.0
0.8578492	51664700.0	0.9344	16144163.0
0.86650187	51384610.0	0.9384	15833645.0
0.8603214	51508908.0	0.9216	14434070.0
0.86897403	49614604.0	0.9496	10873822.0
0.84672433	54006536.0	0.92	15434220.0
0.86897403	48462652.0	0.9256	17056410.0
0.8646477	49460420.0	0.9272	15800933.0
0.83745366	54565690.0	0.916	15251582.0
0.86650187	47500644.0	0.9392	18962616.0
0.8566131	50467228.0	0.9224	13234956.0
0.86402965	48663430.0	0.944	14567975.0
0.8393078	55673668.0	0.8992	13520121.0
0.85970336	51425116.0	0.9384	15871620.0
0.8584672	53158132.0	0.9296	16884890.0
0.85414094	51030404.0	0.9288	17393578.0
0.83745366	55155504.0	0.9024	14649885.0
0.84919655	56495590.0	0.912	14801784.0
0.8603214	51074364.0	0.9384	22905580.0
0.829419	60661684.0	0.9024	17925514.0
0.86402965	48649216.0	0.9352	28327638.0
0.86093944	51348756.0	0.9272	15743754.0
0.855377	51562292.0	0.9216	24339076.0
0.85908526	49124276.0	0.936	13431901.0
0.8621755	47871916.0	0.9432	18210844.0
0.85908526	48475860.0	0.9368	13211089.0
0.8498146	50007932.0	0.9152	16656199.0
0.86897403	45074084.0	0.9496	15770411.0
0.8702101	45894940.0	0.9408	10216238.0
0.8652658	45256228.0	0.9448	13654952.0
0.85908526	47170550.0	0.9504	9830677.0
0.8739184	44693624.0	0.9544	16694949.0
0.8702101	46289560.0	0.9392	11675255.0
0.8733004	43917430.0	0.948	17091200.0
0.8566131	46174620.0	0.932	12619533.0
0.8751545	43808250.0	0.9456	12282012.0
0.8702101	43388380.0	0.9504	19473268.0
0.8646477	44529310.0	0.9536	9566277.0
0.86773795	43887596.0	0.9536	11017429.0
0.8708282	42728404.0	0.9632	9217279.0
0.8763906	42764950.0	0.9472	11928645.0
0.87144625	42738204.0	0.9448	13907250.0
0.8652658	43851700.0	0.9552	10242736.0
0.86897403	43670200.0	0.9488	10891910.0
0.8584672	44794484.0	0.9352	10810257.0
0.8448702	49249270.0	0.9264	12583514.0
0.8763906	42403264.0	0.9552	20386044.0
0.8702101	46314590.0	0.9448	10784598.0
0.8733004	43812224.0	0.956	10305363.0
0.8708282	43009264.0	0.9464	11570915.0
0.85414094	45065970.0	0.9528	6707574.5
0.868356	42992076.0	0.9512	10742385.0
0.8671199	44688256.0	0.9496	7827502.5
0.8535229	43553570.0	0.9408	12909322.0
0.8733004	41569060.0	0.956	12077439.0
0.8739184	42478070.0	0.9352	9492489.0
0.87453645	41996896.0	0.9568	12619298.0
0.87144625	41610096.0	0.9568	10026418.0
0.86093944	43207424.0	0.9488	9745456.0
0.8652658	43886540.0	0.9432	9490611.0
0.8733004	42276732.0	0.956	14445095.0
0.8733004	42804224.0	0.9576	8169094.5
0.86279356	44278176.0	0.948	12165933.0
0.87144625	42348270.0	0.9496	11147483.0
0.8646477	43138190.0	0.9464	11483220.0
0.8603214	42799960.0	0.952	11696870.0
0.8646477	42318750.0	0.9536	12103458.0
0.8708282	41606184.0	0.9552	7575780.5
0.86897403	41872164.0	0.956	9960625.0
0.8621755	43466740.0	0.9592	11947314.0
0.8510507	43353550.0	0.9344	15134058.0
0.86897403	41249936.0	0.9496	9712348.0
0.87948084	40520040.0	0.956	8083101.5
0.8671199	41438650.0	0.9584	10150244.0
0.8535229	44834092.0	0.9256	10706579.0
0.87453645	41124616.0	0.96	11977409.0
0.86773795	41758484.0	0.9464	13562921.0
0.86650187	40434384.0	0.9624	9977654.0
0.86402965	42430956.0	0.9512	8309195.5
0.8807169	40040748.0	0.9592	11825910.0
0.87824476	40897840.0	0.9464	5893005.5
0.87268233	39651580.0	0.9712	7168198.0
0.85908526	44315990.0	0.9424	8578966.0
0.8763906	40168570.0	0.9472	12213948.0
0.87144625	41985804.0	0.9544	8344774.0
0.81829417	50219376.0	0.9056	12273933.0
0.855377	48440384.0	0.9152	15648971.0
0.8658838	40549788.0	0.9576	18269062.0
0.8238566	51606720.0	0.9016	6715085.0
0.8529048	49079224.0	0.9032	11539614.0
0.8751545	40723156.0	0.96	13083311.0
0.84425217	48683776.0	0.9096	7386186.5
0.8473424	51288060.0	0.8928	16932818.0
0.86897403	41441770.0	0.952	16721160.0
0.8380717	49846440.0	0.9192	8348327.0
0.8720643	44084276.0	0.952	10878321.0
0.8751545	41630256.0	0.9624	10158424.0
0.8516687	44769052.0	0.9344	10242608.0
0.8529048	43412496.0	0.9528	7621607.5
0.86773795	41455200.0	0.944	8454208.0
0.854759	43442344.0	0.9472	12020704.0
0.8090235	63628450.0	0.8552	13044965.0
0.8189122	61437948.0	0.8592	27864856.0
0.84177995	49036188.0	0.9256	24851508.0
0.8121137	59095270.0	0.8864	13747077.0
0.7552534	94327180.0	0.7696	18827436.0
0.6724351	148120640.0	0.6912	59461670.0
0.6736712	177037900.0	0.6776	113417520.0
0.77564895	81441330.0	0.8448	141873580.0
0.64276886	151481400.0	0.6744	40912360.0
0.7787392	138507580.0	0.7896	103689730.0
0.80098885	104700230.0	0.8424	100975200.0
0.7775031	98361610.0	0.8112	69848260.0
0.7608158	112148090.0	0.8112	44006270.0
0.8040791	88310340.0	0.8344	61545420.0
0.76885045	111012650.0	0.7984	56077104.0
0.83065516	68698610.0	0.8856	80429740.0
0.7564895	112258600.0	0.804	30237868.0
0.8535229	63457310.0	0.9248	61761940.0
0.79789865	100467896.0	0.804	31159272.0
0.85970336	63616212.0	0.9064	67649950.0
0.7904821	92282420.0	0.8464	28946638.0
0.82138443	70327440.0	0.888	43126012.0
0.81829417	73523910.0	0.86	28094618.0
0.84919655	63873636.0	0.908	29004460.0
0.8343634	64462624.0	0.8816	30828882.0
0.8362176	62883264.0	0.9016	21222954.0
0.8393078	62162310.0	0.9	28082664.0
0.8720643	51054660.0	0.9312	28554218.0
0.8380717	63409696.0	0.9016	21368020.0
0.84425217	57515250.0	0.8992	30336676.0
0.86402965	52477012.0	0.9336	13562090.0
0.8733004	52261144.0	0.94	16557890.0
0.8584672	56720948.0	0.9256	13637954.0
0.8671199	53056624.0	0.9376	15680148.0
0.86897403	49867730.0	0.9552	9981889.0
0.85414094	54052800.0	0.9232	11664967.0
0.86650187	48894530.0	0.9384	16728187.0
0.83189124	57984708.0	0.9136	13970022.0
0.86773795	48357904.0	0.96	19595896.0
0.87268233	49294130.0	0.9488	9958714.0
0.868356	50851364.0	0.9376	10957506.0
0.8702101	49380444.0	0.948	12531636.0
0.8708282	47357470.0	0.9576	9929095.0
0.8615575	48867184.0	0.9432	8181607.5
0.8578492	49167510.0	0.9376	11852191.0
0.87144625	45246036.0	0.9544	11509792.0
0.8856613	42227732.0	0.968	8369844.0
0.8825711	42504856.0	0.9528	8940954.0
0.88318914	41511384.0	0.9488	11614676.0
0.8844252	41837976.0	0.956	10213226.0
0.8776267	41775320.0	0.9496	9800409.0
0.8720643	44007996.0	0.9536	7165928.0
0.8739184	43325176.0	0.9568	12419283.0
0.8825711	42108268.0	0.9656	7881833.0
0.8838072	42309180.0	0.964	9773629.0
0.88318914	43324690.0	0.9632	5644403.0
0.8844252	43317468.0	0.9552	11165322.0
0.87824476	43202440.0	0.9608	8840828.0
0.86773795	44557388.0	0.9568	7838300.5
0.8720643	44203024.0	0.9488	13489408.0
0.8856613	43173188.0	0.9664	8898132.0
0.88504326	42264812.0	0.964	7032412.0
0.88875157	40487784.0	0.9784	5064872.5
0.87824476	42428260.0	0.968	8046386.5
0.87577254	42433790.0	0.9648	9393709.0
0.87453645	42385784.0	0.9632	7758203.5
0.8720643	43411576.0	0.9568	6735606.0
0.8751545	41228444.0	0.9656	6942091.0
0.8776267	40631252.0	0.952	8964944.0
0.87453645	42176500.0	0.968	6634837.0
0.8788628	40175470.0	0.9744	7959952.0
0.8788628	42275156.0	0.9608	6883344.5
0.8838072	41110424.0	0.9608	7137920.0
0.8671199	42741280.0	0.9624	7583299.0
0.8671199	43850784.0	0.9536	8861366.0
0.8751545	41086236.0	0.9672	8256582.5
0.88133496	41341140.0	0.9744	7411868.5
0.88318914	41720444.0	0.9648	5770544.5
0.8751545	41494068.0	0.9624	11025849.0
0.8652658	43377076.0	0.9656	6399219.5
0.8763906	41735644.0	0.968	5767642.0
0.8708282	45253900.0	0.9456	7561293.0
0.88504326	39276336.0	0.9696	12875170.0
0.85908526	46260916.0	0.9328	6788648.5
0.8763906	40970616.0	0.96	8884118.0
0.8702101	43450410.0	0.9448	11313058.0
0.8646477	43381270.0	0.9568	9269584.0
0.8720643	41215770.0	0.9656	11133809.0
0.8763906	41468640.0	0.96	6683923.5
0.8751545	42803100.0	0.9648	5527292.5
0.8838072	39853124.0	0.9648	8828642.0
0.87948084	40712530.0	0.9648	5792926.0
0.8708282	41540172.0	0.96	6686845.0
0.8702101	41519096.0	0.964	5192907.0
0.87948084	38933668.0	0.9728	8665571.0
0.8881335	38391136.0	0.9696	6595865.0
0.8800989	40674264.0	0.9664	7380765.0
0.894314	37290710.0	0.9776	6676174.0
0.8788628	38115910.0	0.9664	5532842.5
0.8646477	41723016.0	0.9608	5043323.5
0.8800989	37430416.0	0.9696	11235248.0
0.88133496	38032244.0	0.9776	5194871.0
0.8788628	38908268.0	0.9616	6940297.0
0.88318914	37229344.0	0.9776	5612526.5
0.87948084	36845748.0	0.984	4431376.5
0.8776267	37610628.0	0.9776	3466272.8
0.87268233	38283456.0	0.9696	3994953.0
0.87824476	37662020.0	0.9736	5376872.0
0.87948084	38115830.0	0.9736	7188048.5
0.8838072	37707148.0	0.972	4908673.5
0.8807169	38116704.0	0.988	4754293.0
0.8733004	38940740.0	0.9672	6242214.0
0.8770087	37683230.0	0.972	6573011.0
0.87824476	36950724.0	0.972	5153341.5
0.87824476	36957652.0	0.9768	4440695.0
0.881953	36933740.0	0.9744	7406774.0
0.8838072	36102460.0	0.9792	4870935.5
0.87577254	36729290.0	0.9768	4259615.5
0.87268233	37283676.0	0.9728	5721257.0
0.881953	35536004.0	0.9704	9676399.0
0.8844252	36908030.0	0.9704	4807716.5
0.88875157	35055844.0	0.9808	8424743.0
0.8788628	35953270.0	0.9792	7077372.5
0.881953	35661070.0	0.9672	6974700.0
0.8856613	35771770.0	0.9768	5381484.5
0.88318914	36564890.0	0.9824	3679559.2
0.88133496	36391020.0	0.9744	3983517.0
0.8751545	36159610.0	0.9696	5687849.0
0.87824476	36098984.0	0.9776	4153860.0
0.8856613	35483716.0	0.9784	4927884.0
0.88504326	35434508.0	0.9784	5167957.0
0.8838072	35569876.0	0.9784	4524438.5
0.8770087	36322308.0	0.9704	5213428.0
0.8770087	36632950.0	0.9832	6235592.0
0.87824476	36049064.0	0.9864	3825449.8
0.88133496	36795580.0	0.9784	3999366.8
0.88627934	35662484.0	0.9824	3967808.8
0.8770087	36698850.0	0.9752	3224199.2
0.86773795	37218748.0	0.9728	4635474.5
0.8733004	36408828.0	0.9792	8001890.5
0.8770087	39040812.0	0.9656	6751458.0
0.8807169	38499390.0	0.9744	4506881.0
0.87268233	37396656.0	0.9568	6664675.0
0.86773795	39461016.0	0.9472	6237286.5
0.8856613	35919844.0	0.9736	4882656.5
0.881953	36997384.0	0.9728	3590397.2
0.8893696	36831200.0	0.9784	4848907.5
0.87948084	36991504.0	0.9672	5096302.5
0.8751545	38813370.0	0.9624	5156364.5
0.8924598	34581732.0	0.9784	5828826.0
0.87577254	37689564.0	0.9736	4333503.5
0.87268233	35998948.0	0.9768	5440517.5
0.88318914	35045744.0	0.9696	9638779.0
0.8763906	36866460.0	0.96	4690478.5
0.8844252	36079904.0	0.9816	5364826.5
0.8844252	35102890.0	0.972	4716287.0
0.8763906	36824332.0	0.9776	3274525.0
0.8838072	35900304.0	0.9784	4902143.5
0.8825711	35629164.0	0.9832	5969574.0
0.8770087	37423092.0	0.9736	4947430.5
0.8751545	35646890.0	0.9808	4462084.5
0.8733004	36770416.0	0.9656	4531225.5
0.86279356	37787476.0	0.9744	3409001.5
0.8751545	35442620.0	0.9792	5526559.5
0.8838072	35007280.0	0.972	10277058.0
0.8751545	36285012.0	0.9592	4013898.5
0.8770087	35873844.0	0.9736	4396946.0
0.88627934	33892880.0	0.9832	4861778.5
0.87268233	37020068.0	0.9728	3201291.5
0.8856613	33754330.0	0.9792	5811262.0
0.87268233	37029696.0	0.968	4020871.5
0.8844252	34356530.0	0.9856	6706259.0
0.8868974	34771690.0	0.9768	3139277.0
0.88627934	34789364.0	0.984	4981717.5
0.8788628	35195230.0	0.9736	5616054.5
0.87948084	35855316.0	0.9792	3400324.2
0.88504326	33562180.0	0.9808	4475317.0
0.8881335	33484932.0	0.9792	5190328.5
0.88627934	34177212.0	0.9808	3195090.2
0.8844252	33504034.0	0.9768	6050161.0
0.88318914	34212616.0	0.98	2812857.5
0.881953	35046524.0	0.9712	3802333.2
0.88318914	34069756.0	0.9792	4243377.0
0.8868974	33466380.0	0.9872	4553661.0
0.8788628	34589080.0	0.976	5766120.0
0.8825711	33919868.0	0.9848	5337126.0
0.87144625	34869990.0	0.9824	5412366.5
0.8658838	36284292.0	0.972	5443813.0
0.87824476	33794252.0	0.9848	3867777.5
0.8868974	34011476.0	0.9784	3559236.5
0.8838072	34298892.0	0.98	3542551.0
0.8770087	33882124.0	0.98	6421265.0
0.8671199	35915324.0	0.9696	3436063.5
0.8776267	34609016.0	0.9816	2896852.2
0.8856613	33278554.0	0.9896	2833992.2
0.88998765	33080428.0	0.9936	2346578.2
0.89369595	32936584.0	0.992	2530138.8
0.8893696	32779318.0	0.9824	5481989.5
0.881953	33326882.0	0.9856	3996428.8
0.8776267	33763464.0	0.9848	2875742.5
0.8838072	32645052.0	0.9816	3999924.8
0.8906057	32554576.0	0.9904	4837439.5
0.8868974	32713554.0	0.9824	5128113.0
0.88318914	32806552.0	0.988	3271017.0
0.8776267	33623690.0	0.984	2748917.0
0.8776267	33490646.0	0.9872	4873291.0
0.8893696	32913268.0	0.9856	3651995.2
0.88627934	34010348.0	0.9776	3729135.2
0.881953	33316956.0	0.9864	3360178.5
0.87144625	34548930.0	0.9792	2857322.0
0.8776267	33664590.0	0.9864	3690063.8
0.8881335	32730496.0	0.9888	2983099.0
0.8906057	33440204.0	0.9848	2775307.5
0.8800989	32697498.0	0.9848	3545683.5
0.87453645	34882256.0	0.9696	2644958.2
0.8844252	33139224.0	0.9904	3893655.5
0.88875157	33356192.0	0.9896	3437145.8
0.88627934	33657028.0	0.9824	5975702.5
0.8800989	34202420.0	0.988	2587484.2
0.8751545	35168890.0	0.98	5281305.0
0.87577254	34737016.0	0.9776	3589235.5
0.87824476	34235300.0	0.9856	4539311.5
0.8856613	34399984.0	0.9808	2728542.0
0.88504326	33954780.0	0.9952	2698051.2
0.88504326	34257016.0	0.9888	2746247.2
0.88504326	33534276.0	0.9928	2810235.5
0.8838072	33639836.0	0.9888	2407128.5
0.8838072	34095324.0	0.9856	3276295.2
0.8733004	34220840.0	0.9824	3311345.8
0.8844252	33054454.0	0.9904	3219082.8
0.88627934	32910948.0	0.9872	2609182.8
0.881953	32945032.0	0.9848	2927879.2
0.881953	33105274.0	0.9872	3034464.8
0.8751545	33514728.0	0.988	2850632.8
0.87824476	33033420.0	0.996	2621613.2
0.88318914	32896216.0	0.9816	3035245.2
0.89307785	32217862.0	0.9848	2715623.8
0.8955501	32337186.0	0.988	2522773.5
0.88627934	33101498.0	0.984	2882717.0
0.88133496	32671114.0	0.992	2926982.2
0.86773795	34642176.0	0.9728	4310506.0
0.86650187	35821132.0	0.968	5257145.0
0.88133496	33278892.0	0.9904	3503380.0
0.8875154	32725096.0	0.984	2564723.0
0.88133496	34745480.0	0.9792	2734199.8
0.8924598	32432702.0	0.9864	4084999.8
0.87824476	33808788.0	0.984	2485783.8
0.8646477	36855940.0	0.9648	2504416.0
0.8708282	34363710.0	0.9784	4278766.0
0.86897403	36406064.0	0.9632	3472894.0
0.88133496	35797796.0	0.9648	7616346.5
0.87268233	38120188.0	0.9656	5024207.5
0.85970336	37387190.0	0.964	6771323.5
0.83065516	45551580.0	0.9352	3529452.0
0.79789865	65062544.0	0.8504	9238133.0
0.68665016	121560664.0	0.7184	29796208.0
0.7540173	123570296.0	0.7656	83693496.0
0.84425217	51664620.0	0.9344	84274570.0
0.73300374	105901256.0	0.768	12507936.0
0.8102596	87720180.0	0.8424	56256044.0
0.7849197	94351390.0	0.8232	52871224.0
0.73609394	125296024.0	0.7856	58575276.0
0.7700865	83541840.0	0.8136	89018696.0
0.7608158	99314370.0	0.7856	39292130.0
0.789864	78359780.0	0.8264	48244100.0
0.82694685	69378880.0	0.8736	43501490.0
0.8207664	78654880.0	0.848	31914042.0
0.82509273	79974430.0	0.8752	37648104.0
0.8393078	62236020.0	0.888	36334732.0
0.73856616	94637064.0	0.7848	21458606.0
0.81273174	68832670.0	0.8808	39768424.0
0.79295427	69306504.0	0.836	28213156.0
0.776267	74696550.0	0.8352	30613828.0
0.85228676	54691388.0	0.9128	44374920.0
0.80964154	76807550.0	0.864	16961232.0
0.8195303	68370344.0	0.8824	34591190.0
0.84239805	69226100.0	0.8872	34121430.0
0.8634116	58751924.0	0.9264	29692196.0
0.8448702	60060644.0	0.9112	18605894.0
0.8355995	62517830.0	0.9024	19644994.0
0.8634116	52334136.0	0.9312	22691386.0
0.8275649	64949460.0	0.872	14485258.0
0.8325093	57279588.0	0.924	21464288.0
0.8566131	53655770.0	0.9128	19727464.0
0.8788628	44995436.0	0.952	20871580.0
0.868356	54422716.0	0.9336	7781912.0
0.88318914	47363044.0	0.96	15787496.0
0.8634116	52539920.0	0.9384	9836652.0
0.8621755	48469124.0	0.9608	14804263.0
0.855377	52062896.0	0.944	7754548.0
0.86093944	50815350.0	0.9376	10390134.0
0.88318914	44342056.0	0.9616	9093462.0
0.8770087	44056504.0	0.9624	8219923.5
0.8621755	48195276.0	0.9456	6474460.0
0.881953	42074224.0	0.964	10175809.0
0.87577254	43294010.0	0.9496	9389652.0
0.87577254	42218550.0	0.9688	6970202.5
0.8776267	41778040.0	0.9704	7651525.5
0.88133496	41237450.0	0.9624	9226282.0
0.89307785	38872852.0	0.9768	6508208.5
0.8906057	42192220.0	0.9688	4406853.0
0.89307785	39475710.0	0.9752	6356474.0
0.89307785	37411840.0	0.9808	7036060.5
0.8856613	39913228.0	0.9704	3907416.5
0.87824476	40696772.0	0.976	7969512.0
0.89678615	36788636.0	0.9824	5172619.5
0.89184177	38545316.0	0.9688	4509779.5
0.8893696	39030628.0	0.976	5783005.5
0.8924598	37851296.0	0.9824	3575559.2
0.88875157	37917496.0	0.972	4860119.0
0.8875154	37607800.0	0.98	3479235.5
0.8875154	37559396.0	0.9816	2994429.8
0.89184177	36765760.0	0.9856	3216359.8
0.8986403	36107310.0	0.9904	2901314.2
0.894314	36077908.0	0.984	4464874.5
0.8924598	37546628.0	0.984	3239987.5
0.8800989	38270000.0	0.9864	3311182.2
0.88627934	37233990.0	0.9888	3114812.2
0.8906057	36861440.0	0.9856	3596927.8
0.8838072	37389670.0	0.9888	2706547.8
0.8838072	37809184.0	0.988	2669397.0
0.89307785	35949196.0	0.984	5634016.0
0.89493203	35264784.0	0.9896	2920179.0
0.89184177	35766744.0	0.9848	4975768.0
0.8893696	36388556.0	0.9888	2683871.8
0.8893696	35194516.0	0.988	3453165.2
0.88627934	36034800.0	0.9872	2654493.2
0.88318914	37121270.0	0.9832	4040191.5
0.8924598	35012620.0	0.9896	3529226.2
0.894314	35058580.0	0.9912	2407714.8
0.8912237	35154132.0	0.988	2662462.5
0.88998765	34973820.0	0.9856	4977298.5
0.8912237	34964940.0	0.9896	3199679.2
0.8906057	35522500.0	0.9824	4527553.0
0.89307785	35446612.0	0.9872	3120698.2
0.89184177	34898440.0	0.9912	3815240.0
0.8912237	34707910.0	0.9928	2984601.2
0.8906057	34764940.0	0.9936	2381914.0
0.88998765	34309470.0	0.9888	4289349.0
0.8912237	34030804.0	0.9912	2359769.5
0.8881335	33771412.0	0.992	2554825.2
0.8906057	33425134.0	0.9904	2719112.5
0.8924598	33643416.0	0.9928	3855249.8
0.8875154	34285984.0	0.9888	3064764.0
0.8875154	34677320.0	0.992	3589896.2
0.8875154	34888572.0	0.992	2846652.5
0.8875154	34743390.0	0.9952	2233925.8
0.89184177	34080484.0	0.9976	2542952.8
0.89307785	33667240.0	0.992	3934849.8
0.8924598	33720820.0	0.9864	3850947.5
0.89307785	34010120.0	0.9888	3748264.0
0.894314	34003610.0	0.9944	3826305.8
0.89307785	33931250.0	0.9936	2553587.0
0.8893696	34056796.0	0.9936	2649980.2
0.8881335	34096292.0	0.9896	3639888.8
0.88998765	33652810.0	0.9944	2483423.0
0.89307785	33664068.0	0.9936	4664560.0
0.8924598	33920096.0	0.9936	2306014.5
0.89307785	33843244.0	0.9928	3415517.2
0.89369595	33913856.0	0.996	3522004.2
0.89184177	33979460.0	0.9968	2201715.0
0.8924598	33953976.0	0.9904	2377806.5
0.88875157	34070964.0	0.9872	4702510.5
0.8875154	34213576.0	0.992	2537650.2
0.88627934	34373650.0	0.9928	3596198.8
0.8856613	34174652.0	0.9912	2497018.2
0.8893696	33781700.0	0.9952	2604258.8
0.89184177	33281846.0	0.992	2873222.2
0.88998765	33444580.0	0.9944	4210009.5
0.88998765	33897044.0	0.9888	2289915.0
0.89369595	34026576.0	0.9936	2825205.2
0.894314	33243266.0	0.988	2735764.2
0.8955501	33203936.0	0.9968	2410456.2
0.89307785	34305976.0	0.9864	2589197.8
0.89493203	33072952.0	0.9928	3039393.5
0.8868974	33382806.0	0.9936	2374445.5
0.8856613	34756996.0	0.9864	5322935.5
0.881953	34052668.0	0.9888	2778173.5
0.8893696	33625640.0	0.9936	2552705.5
0.8868974	34076596.0	0.9912	2442642.2
0.88875157	35000630.0	0.9912	2488487.2
0.89493203	33111948.0	0.9952	4307144.5
0.89184177	35189664.0	0.9864	2610540.5
0.89369595	33828370.0	0.9944	4175514.0
0.8912237	34226464.0	0.9944	2378442.8
0.88318914	36334050.0	0.9824	2457818.0
0.8844252	36215796.0	0.9864	2659214.8
0.8906057	34725388.0	0.9912	4221966.5
0.8955501	33574336.0	0.9912	2592108.2
0.89369595	33852148.0	0.9904	3860888.2
0.8912237	34944576.0	0.9856	3741911.5
0.8893696	34919324.0	0.9904	2585352.8
0.89184177	33466308.0	0.9936	2653036.5
0.89184177	33370330.0	0.992	2380271.0
0.88875157	33997720.0	0.9912	2393955.2
0.8906057	34611610.0	0.9872	3759284.2
0.8881335	34902784.0	0.9912	2501218.0
0.8881335	33673572.0	0.9968	3868686.0
0.8924598	33472096.0	0.9952	2227225.0
0.8844252	35065880.0	0.988	2308911.0
0.8838072	35328136.0	0.9944	2346901.2
0.8875154	34189668.0	0.9936	2654080.2
0.89678615	33577116.0	0.9936	2507310.2
0.894314	33863124.0	0.9944	2335252.2
0.8955501	34053044.0	0.9936	2259661.0
0.89184177	33664844.0	0.9936	3390927.2
0.88998765	33451764.0	0.9968	2202460.5
0.8875154	33136850.0	0.9944	2576624.5
0.8856613	32957704.0	0.9952	3311205.0
0.8912237	32718740.0	0.996	2213824.0
0.8924598	32738216.0	0.9976	2109197.0
0.8924598	32670356.0	0.9952	2218720.8
0.89369595	32545800.0	0.996	2645400.5
0.8893696	32390492.0	0.996	2467999.0
0.8868974	32731650.0	0.9992	2177519.8
0.881953	33418962.0	0.9896	4335348.5
0.8776267	34020172.0	0.992	3090651.2
0.8788628	33846804.0	0.9968	2267791.8
0.8844252	33174038.0	0.9984	2198838.2
0.89307785	33046888.0	0.9976	3032500.5
0.89493203	33283042.0	0.9872	2601192.8
0.89493203	33185210.0	0.992	2378106.5
0.894314	32737804.0	0.996	2550441.0
0.8906057	32564208.0	0.9944	2449723.5
0.8868974	32814996.0	0.9952	2159564.5
0.8868974	33188270.0	0.9944	2129152.0
0.8893696	33313618.0	0.9952	2329484.8
0.8924598	33221970.0	0.9944	2182157.0
0.89493203	32943172.0	0.9936	2229334.0
0.8955501	32658532.0	0.9984	2136308.5
0.89307785	32559982.0	0.9968	2141703.0
0.88998765	32691626.0	0.996	3157819.5
0.8906057	32975694.0	0.9936	2304328.5
0.8868974	33416984.0	0.996	2342145.2
0.88504326	33711960.0	0.992	2235944.2
0.8868974	33295546.0	0.9952	2394607.2
0.8912237	32693502.0	0.9968	3313988.5
0.8912237	32585740.0	0.9976	2979924.5
0.89184177	32612076.0	0.9936	2252346.8
0.89307785	32690582.0	0.9944	2210960.5
0.89802223	32520036.0	0.992	2398809.8
0.8992583	32239742.0	0.9968	2261196.0
0.8974042	32375736.0	0.9968	2195854.8
0.8906057	32809300.0	0.9968	2135122.0
0.8868974	33130838.0	0.9912	2356060.5
0.8893696	32654522.0	0.9952	2297477.0
0.8912237	32514766.0	0.9976	3115804.2
0.88875157	32513436.0	0.9944	3055711.8
0.8881335	32656542.0	0.996	2173547.5
0.88998765	32465588.0	0.9928	2517118.0
0.8912237	32406512.0	0.996	3087298.2
0.8906057	32163364.0	0.9952	3676689.2
0.8906057	32105392.0	0.9992	2205916.2
0.8912237	32267832.0	0.9984	2103414.5
0.8881335	32310620.0	0.9952	3077892.2
0.8875154	32292436.0	0.9968	2142820.0
0.8875154	32300386.0	1.0	2049984.8
0.8912237	32212100.0	0.9976	3124924.0
0.89184177	32283354.0	0.996	2177199.2
0.89184177	32332586.0	0.9944	2132943.5
0.8906057	32619734.0	0.9936	2163808.8
0.8906057	33016696.0	0.9928	2428273.0
0.8875154	32717666.0	0.9952	2334123.2
0.8893696	32986780.0	0.9952	2195272.0
0.8893696	33008606.0	0.9952	2210654.8
0.88998765	32731410.0	0.9968	2114718.5
0.894314	32378128.0	0.9968	2315484.0
0.8955501	32426124.0	0.996	2104641.2
0.89307785	32759496.0	0.9968	2258666.0
0.89184177	33219862.0	0.9912	3031915.0
0.8868974	33451324.0	0.9952	2304109.8
0.8875154	33418466.0	0.9912	2569606.5
0.88875157	33435412.0	0.9944	2323086.2
0.89493203	32830820.0	0.9952	2475478.0
0.89369595	32682068.0	0.9952	3003869.0
0.894314	32617504.0	0.9944	2391174.0
0.89307785	32587712.0	0.996	2321202.5
0.894314	32863932.0	0.996	3248552.2
0.89369595	32826848.0	0.996	2205088.8
0.89307785	32769696.0	0.9952	3043550.0
0.8924598	32714916.0	0.9952	2144868.0
0.8924598	32443004.0	0.996	2233002.0
0.88998765	32470170.0	0.9984	2066738.1
0.8912237	32620500.0	0.996	2144498.5
0.8924598	32800600.0	0.996	2921613.2
0.8906057	32564926.0	0.992	2141614.0
0.88998765	32228236.0	0.9976	2113327.5
0.894314	31942000.0	0.9944	2464403.8
0.89184177	32025764.0	0.9984	2096704.9
0.89369595	32329610.0	0.9952	2136484.5
0.8893696	32727014.0	0.9944	2208880.5
0.8881335	33139214.0	0.996	2086525.8
0.8868974	32994144.0	0.996	2186851.0
0.8875154	32583454.0	0.9984	2089855.1
0.8906057	32288004.0	0.996	2272479.5
0.89184177	32080326.0	0.9976	2076682.5
0.8893696	31999468.0	0.9968	2083867.9
0.8893696	32128274.0	0.996	2041900.6
0.8924598	32152606.0	0.9976	2050644.1
0.88875157	32163018.0	0.9976	3060155.0
0.8868974	32355068.0	0.9968	2078865.0
0.8881335	32521776.0	0.9976	2096270.1
0.8881335	32516522.0	0.9976	2869233.2
0.8875154	32502024.0	0.9992	2049390.8
0.8875154	32614590.0	0.9976	2749198.2
0.8868974	32937830.0	0.9984	2724559.2
0.8868974	32897564.0	0.996	2204992.5
0.8906057	32346646.0	0.9992	2250897.8
0.894314	32211200.0	0.9952	2134964.8
0.89369595	32067340.0	0.9944	3596265.5
0.89493203	31924008.0	0.9992	2088959.8
0.8961681	31898006.0	0.9976	2419731.2
0.89678615	32025874.0	0.9984	2103272.5
0.8893696	32341892.0	0.9992	2085255.4
0.8893696	32789950.0	0.9968	2183317.0
0.8875154	32927706.0	0.996	2198398.5
0.88875157	32903034.0	0.9992	2043706.6
0.8906057	32697442.0	1.0	2039678.8
0.89184177	32595826.0	0.9984	2046631.8
0.894314	32154124.0	0.9968	2077882.1
0.894314	31756430.0	0.9968	2066423.0
0.8924598	31754716.0	0.9984	2050149.4
0.88875157	31799420.0	0.9976	2095022.1
0.8912237	31936208.0	0.9952	2093584.1
0.88875157	31909784.0	0.9944	2984867.2
0.8893696	32287844.0	0.9968	2603451.5
0.89307785	32683882.0	0.9976	2162250.0
0.88875157	33056138.0	0.9944	2104893.2
0.88875157	33099128.0	0.9976	2136460.0
0.8893696	32875820.0	0.996	2602911.2
0.88875157	32641388.0	1.0	2047840.0
0.8912237	32541920.0	0.9968	2141291.0
0.89369595	32498776.0	0.992	2076532.4
0.88998765	32676646.0	0.9968	2094115.4
0.8924598	32784644.0	0.996	2248513.8
0.8912237	32896012.0	0.9984	2086177.8
0.8924598	32778132.0	0.9984	2075891.2
0.8893696	32693024.0	0.9968	2547303.2
0.8893696	32553216.0	0.996	3560777.8
0.88998765	32616696.0	0.996	2787458.8
0.89184177	32383054.0	0.9984	2166579.5
0.8961681	32002276.0	0.9992	2116667.2
0.8986403	31919826.0	0.9968	2054066.6
0.8992583	31882960.0	0.992	2094210.5
0.89493203	31652470.0	0.9944	2311032.5
0.8924598	31610462.0	0.9984	2053620.5
0.89307785	31918668.0	0.9984	2045222.1
0.89184177	32420472.0	0.9976	2112136.5
0.8906057	32624268.0	0.9944	2143664.2
0.88998765	32078212.0	0.9976	2154090.5
