Validation Accuracy	Validation Loss	Training Accuracy	Training Loss
0.10666667	9713759.0	0.1088	10446.893
0.06	217051100000.0	0.036	10150246.0
0.06	147623000000.0	0.032	224521490000.0
0.28	7982220300.0	0.2384	153507630000.0
0.06	31908465000.0	0.0368	6831788000.0
0.08	59500495000.0	0.104	33287184000.0
0.25	65966383000.0	0.2816	53472910000.0
0.16666667	229543310000.0	0.14	63245900000.0
0.11666667	23362486000.0	0.124	242579080000.0
0.16666667	132499150000.0	0.1344	21564086000.0
0.10666667	631947460000.0	0.104	136046390000.0
0.013333334	253911170000.0	0.0216	606099900000.0
0.25666666	161113080000.0	0.2736	217299580000.0
0.06	384296500000.0	0.0432	148859080000.0
0.28	198804830000.0	0.2776	396788370000.0
0.28	148977700000.0	0.2424	197145020000.0
0.16666667	229809260000.0	0.1424	145411360000.0
0.123333335	139192940000.0	0.1048	239627120000.0
0.18666667	222593660000.0	0.2192	136519565000.0
0.08	213922730000.0	0.0992	203899570000.0
0.26	138985670000.0	0.2576	193140100000.0
0.42	78406240000.0	0.4008	126661690000.0
0.24333334	53636764000.0	0.2392	74162290000.0
0.06666667	246863430000.0	0.0496	55349040000.0
0.24666667	44293810000.0	0.2408	251089320000.0
0.24	56065300000.0	0.2432	44458242000.0
0.24	47634547000.0	0.2296	56605100000.0
0.36	40213170000.0	0.324	47392430000.0
0.33666667	41393150000.0	0.3016	40396194000.0
0.34	49154003000.0	0.2904	46030344000.0
0.29333332	58599346000.0	0.2752	50563125000.0
0.53	43237913000.0	0.4896	61492785000.0
0.36666667	37239718000.0	0.3888	47201550000.0
0.06333333	49695973000.0	0.0416	39581594000.0
0.10333333	29022667000.0	0.132	51467284000.0
0.44	18046228000.0	0.4496	29748447000.0
0.35333332	23802421000.0	0.3784	19587811000.0
0.43	19797098000.0	0.4728	23811486000.0
0.57666665	16141858000.0	0.572	20739883000.0
0.57666665	13392256000.0	0.5632	17888370000.0
0.50666666	10736387000.0	0.516	15068182000.0
0.47	12519037000.0	0.4768	10835863000.0
0.25	16151396000.0	0.2536	11990547000.0
0.69	11222331000.0	0.6792	17725070000.0
0.38	11719882000.0	0.4072	10196104000.0
0.58	6063681500.0	0.5896	11186387000.0
0.7266667	4620314000.0	0.72	6569477000.0
0.56333333	3848661500.0	0.6096	4741690400.0
0.81	1435102200.0	0.8064	4008332000.0
0.81333333	2431009500.0	0.7936	1459930500.0
0.72333336	3774604800.0	0.6896	2158531000.0
0.62	4045072400.0	0.5928	4154135600.0
0.81666666	2851055000.0	0.8152	3994641000.0
0.7733333	1937448600.0	0.7656	2939020000.0
0.67333335	1513111200.0	0.7136	2545393000.0
0.68333334	1858990500.0	0.7168	1667530500.0
0.7966667	1103923100.0	0.8144	2265182200.0
0.88666666	986736100.0	0.8744	1292026200.0
0.85	1432788100.0	0.8528	1317238500.0
0.8333333	1548044000.0	0.8592	1312491100.0
0.87666667	1398914600.0	0.912	1251261800.0
0.89666665	1301921900.0	0.9024	1332928300.0
0.89	1269255400.0	0.92	771782850.0
0.9	1198721200.0	0.8976	945131460.0
0.9066667	1126946300.0	0.9224	742162900.0
0.9066667	1036134000.0	0.9136	789872450.0
0.92333335	958199230.0	0.9392	533539420.0
0.92	899515970.0	0.9192	530219520.0
0.8933333	911742340.0	0.9176	441609470.0
0.8833333	843251900.0	0.92	372445500.0
0.8933333	793700000.0	0.9	345465700.0
0.9066667	667654600.0	0.92	350772960.0
0.93	602804800.0	0.9336	416971780.0
0.95	569297150.0	0.9632	156275440.0
0.9533333	552186500.0	0.9528	253318560.0
0.9533333	531673630.0	0.9624	261052510.0
0.94	530314530.0	0.9672	176206720.0
0.93666667	585624300.0	0.9576	224754930.0
0.9266667	611072450.0	0.9672	179396580.0
0.93333334	633391100.0	0.9496	147309820.0
0.94	640261400.0	0.9688	131154616.0
0.94	599600060.0	0.9568	203808350.0
0.9433333	528578430.0	0.964	132524460.0
0.9433333	473220770.0	0.9616	182202850.0
0.95	428593250.0	0.9704	135591580.0
0.95666665	424122880.0	0.9696	119773224.0
0.9533333	425914050.0	0.9688	123662984.0
0.9533333	422787230.0	0.9728	114474090.0
0.9533333	412239780.0	0.9744	79655810.0
0.9533333	401747520.0	0.9816	74015630.0
0.95666665	390628700.0	0.9864	53306760.0
0.96	375735260.0	0.9752	140229200.0
0.97	367296770.0	0.9816	70590370.0
0.97	361686100.0	0.9848	73809300.0
0.97	356074530.0	0.9744	70403810.0
0.96	351850700.0	0.9784	87547780.0
0.9533333	363224220.0	0.9768	56068644.0
0.9533333	372403520.0	0.9744	77282070.0
0.95	373568350.0	0.984	32383452.0
0.95	372361380.0	0.9824	54106980.0
0.95	369120900.0	0.9808	42681830.0
0.95	363790140.0	0.984	39836748.0
0.95	348608960.0	0.9888	38414300.0
0.9533333	332120060.0	0.9832	48998530.0
0.9533333	319640220.0	0.9888	45243276.0
0.9533333	304322370.0	0.9864	21655556.0
0.95666665	293113200.0	0.9864	42228750.0
0.9633333	286993900.0	0.9872	43792864.0
0.96666664	282576930.0	0.9888	24059080.0
0.97	280248700.0	0.9896	34109412.0
0.9633333	279617120.0	0.9864	35968420.0
0.9633333	281880260.0	0.9816	37613980.0
0.96666664	281350820.0	0.9824	40319424.0
0.9633333	283802020.0	0.9904	23252724.0
0.95666665	287608930.0	0.9912	24745776.0
0.95666665	288848540.0	0.9832	49584364.0
0.95666665	288879840.0	0.9864	34018556.0
0.96	289719230.0	0.9888	17366476.0
0.95666665	291007680.0	0.9928	14212281.0
0.95666665	291756640.0	0.9904	12775243.0
0.95666665	293877120.0	0.9872	13348813.0
0.95666665	295294600.0	0.9888	14356832.0
0.95	297400770.0	0.9896	15007307.0
0.95	299181540.0	0.988	20965188.0
0.95	300101340.0	0.9928	17391530.0
0.9533333	296796160.0	0.9912	15012664.0
0.9533333	288492580.0	0.9912	11498662.0
0.9533333	279741660.0	0.9952	4909286.0
0.95666665	270902270.0	0.9944	13566570.0
0.96	263415840.0	0.9888	21152546.0
0.96	258068980.0	0.9928	11796015.0
0.96	259425220.0	0.988	15202581.0
0.95666665	261394580.0	0.9904	12830776.0
0.95666665	263879630.0	0.9928	10896056.0
0.95666665	266487200.0	0.9936	7145663.5
0.95666665	268312530.0	0.996	8245702.0
0.95666665	267403310.0	0.9904	18878192.0
0.96	265282110.0	0.992	12417226.0
0.96	263866200.0	0.9976	5250493.5
0.96	263638820.0	0.9992	2822390.0
0.96	260643660.0	0.9952	11222719.0
0.9633333	254688980.0	0.9984	5754693.0
0.9633333	250123410.0	0.9936	7981587.0
0.9633333	246143820.0	0.9912	12437338.0
0.9633333	242549250.0	0.9928	7287907.0
0.9633333	239588140.0	0.9968	8294548.5
0.9633333	237525730.0	0.9976	7206339.5
0.9633333	235829800.0	0.996	8263824.0
0.96666664	234316000.0	0.9976	6368930.0
0.96666664	233619970.0	0.9928	11143886.0
0.96666664	232423920.0	0.9976	4854137.0
0.96666664	231879360.0	0.9968	6159212.0
0.96666664	231725280.0	0.9952	5368329.5
0.96666664	231550400.0	0.9968	4291383.5
0.96666664	231847440.0	0.996	5898861.0
0.96666664	232542780.0	0.9936	12099835.0
0.96666664	233462300.0	0.9992	2928141.5
0.9633333	234297760.0	0.9968	3419939.8
0.9633333	234717330.0	0.9952	6654746.0
0.9633333	235093040.0	1.0	2543402.0
0.9633333	234590750.0	0.9936	14085553.0
0.96666664	233800380.0	0.996	5418489.0
0.96666664	233590860.0	0.9976	2711438.2
0.96666664	233273460.0	0.9976	4278148.5
0.96666664	233122220.0	0.9992	4446763.0
0.96666664	232730860.0	0.9984	4630039.5
0.96666664	232004400.0	0.9976	6613535.5
0.96666664	231593570.0	0.9976	5039342.5
0.96666664	231221660.0	1.0	2537514.2
0.96666664	230884420.0	1.0	2536768.2
0.96666664	230446200.0	0.9984	3014815.2
0.96666664	229615970.0	0.9976	3856819.5
0.96666664	227994740.0	0.9968	5234242.0
0.96666664	226472640.0	0.9952	7661806.5
0.96666664	225388450.0	0.9992	2716372.0
0.96666664	224166510.0	0.9968	6962002.5
0.9633333	222786980.0	0.9968	5078511.0
0.9633333	221223420.0	0.9936	6776944.5
0.9633333	219666930.0	0.9992	2788138.0
0.9633333	218809660.0	0.9952	5830256.0
0.9633333	218188460.0	0.9952	3971693.2
0.9633333	218261660.0	0.9928	9358692.0
0.96666664	218481780.0	0.9968	3403592.5
0.96666664	218725800.0	0.9936	4327554.5
0.97	218953780.0	0.996	4721779.0
0.96666664	218657220.0	0.9984	4933862.0
0.96666664	218887900.0	0.9976	4940614.0
0.96666664	218675950.0	0.996	3854026.0
0.9633333	217444960.0	0.9968	3609719.5
0.9633333	216791400.0	0.996	5382514.5
0.96666664	216210780.0	1.0	2523029.2
0.96666664	216357280.0	0.9976	4266900.5
0.9633333	216660430.0	0.9984	2891447.5
0.9633333	216728430.0	0.9984	4713876.5
0.96666664	217087470.0	0.9992	2706787.8
0.96666664	217914320.0	0.9976	4378712.5
0.96666664	217904670.0	0.9984	3192508.0
0.96666664	217932160.0	0.9984	4416673.0
0.96666664	216901740.0	0.9976	3977840.8
0.96666664	215188590.0	0.9984	2865407.5
0.96666664	213998460.0	0.9992	2648955.0
0.96666664	213009920.0	0.9992	4229959.5
0.96666664	212209620.0	0.9984	2801839.0
0.96666664	211553730.0	0.9976	4557713.5
0.96666664	210679890.0	0.9992	2549183.8
0.96666664	210242660.0	0.9976	6333523.0
0.96666664	209846930.0	1.0	2513002.2
0.96666664	209786110.0	0.9984	2591964.2
0.96666664	209821180.0	0.9976	5924881.0
0.96666664	210124750.0	0.9976	3036274.0
0.96666664	210407070.0	0.9976	2807689.0
0.96666664	210069230.0	0.9952	2863425.0
0.96666664	209763000.0	1.0	2508744.2
0.96666664	209842060.0	0.9968	5680587.0
0.96666664	209798460.0	0.9984	4059886.8
0.96666664	209155970.0	0.9992	2563013.2
0.96666664	208760080.0	0.996	4118589.5
0.96666664	209031200.0	0.9976	7066313.5
0.97	210155460.0	0.9976	2602057.0
0.97	211079260.0	0.9992	2613017.0
0.97	211911040.0	0.9992	2503191.5
0.97	212450350.0	0.9968	5326260.0
0.96666664	212647980.0	1.0	2521456.0
0.96666664	212377920.0	0.9984	2709041.5
0.96666664	211819180.0	0.9992	2588134.5
0.96666664	211314700.0	1.0	2499839.8
0.96666664	210859090.0	1.0	2499189.2
0.96666664	210625580.0	0.9968	5561202.5
0.96666664	210687760.0	0.9992	4062239.5
0.96666664	210830720.0	0.9992	2529158.8
0.96666664	211047380.0	0.9992	4041589.5
0.96666664	211242240.0	1.0	2495807.2
0.96666664	211773760.0	0.9976	7052659.0
0.96666664	212251440.0	1.0	2494402.8
0.96666664	212770670.0	0.9992	3908779.5
0.96666664	213327490.0	0.9984	3855931.8
0.96666664	213485660.0	0.9968	2527937.2
0.96666664	213626200.0	1.0	2491593.0
0.96666664	213847360.0	0.996	5022677.5
0.96666664	213732860.0	0.9976	3776720.5
0.96666664	213719020.0	0.9992	3701563.8
0.96666664	213796350.0	0.9992	3683122.0
0.96666664	213778690.0	0.9992	2509968.5
0.96666664	213650750.0	0.9984	3666194.8
0.96666664	213539490.0	0.9984	3638711.0
0.96666664	213442770.0	0.9992	3618151.2
0.96666664	213354190.0	1.0	2485591.0
0.96666664	213455470.0	0.9984	4691632.0
0.96666664	213314700.0	1.0	2500631.2
0.96666664	213185800.0	1.0	2483616.2
0.96666664	213160350.0	0.9992	3540121.5
0.96666664	213136060.0	1.0	2482306.2
0.96666664	213100980.0	0.9984	3515346.0
0.96666664	213251780.0	0.996	4507372.5
0.9633333	213431940.0	1.0	2480330.5
0.9633333	213131300.0	1.0	2505938.5
0.9633333	212704640.0	0.9992	2501130.8
0.96666664	212073380.0	0.9976	3517318.0
0.96666664	211430540.0	1.0	2486349.8
0.96666664	210942340.0	0.9984	3460270.0
0.96666664	210723020.0	0.9992	3522403.0
0.96666664	210523740.0	1.0	2475842.8
0.96666664	210342930.0	1.0	2475199.0
0.96666664	210178580.0	1.0	2474548.8
0.96666664	210029460.0	1.0	2473890.2
0.96666664	209893490.0	0.9992	2473239.5
0.96666664	210060050.0	0.9992	3414296.5
0.96666664	210302800.0	0.9992	3390180.8
0.9633333	210791300.0	0.9984	4247944.5
0.9633333	211541150.0	0.9968	4153057.2
0.9633333	211612160.0	0.9952	3348779.8
0.9633333	211410320.0	0.9984	2557812.2
0.9633333	210985780.0	0.9984	3301547.5
0.9633333	210458450.0	1.0	2476559.0
0.96666664	209994350.0	1.0	2467498.8
0.96666664	209654370.0	1.0	2466901.0
0.96666664	209536770.0	0.9984	4125737.0
0.96666664	209429680.0	1.0	2465672.8
0.96666664	209427100.0	0.9992	3286288.0
0.96666664	209423500.0	1.0	2464437.5
0.96666664	209514600.0	0.9992	3258891.2
0.9633333	209596720.0	1.0	2463189.0
0.9633333	209708880.0	1.0	2462557.5
0.9633333	209938610.0	0.9992	3199208.8
0.9633333	210144060.0	1.0	2461288.8
0.9633333	210328030.0	1.0	2460651.0
0.9633333	210623140.0	0.9976	3127496.0
0.96666664	210634820.0	0.9944	4455727.5
0.96666664	210612640.0	0.9968	3105867.8
0.9633333	209746220.0	1.0	2548705.5
0.9633333	209150370.0	0.9992	3065716.0
0.9633333	208612220.0	1.0	2457023.8
0.9633333	208126370.0	1.0	2456439.5
0.9633333	207949800.0	0.9984	3708038.8
0.9633333	207920770.0	0.9992	3065642.5
0.9633333	208156260.0	0.9984	3626596.0
0.96666664	208431760.0	0.996	2454048.2
0.96666664	208536700.0	0.9992	2487742.5
0.96666664	208276290.0	0.9992	2530301.0
0.96666664	207696340.0	0.9992	2503504.8
0.9633333	207074130.0	0.9992	2977151.8
0.9633333	206660100.0	0.9992	2966317.2
0.9633333	206414530.0	0.9984	3507027.2
0.9633333	206192270.0	1.0	2449922.8
0.9633333	205990530.0	1.0	2449341.8
0.9633333	205940820.0	0.9992	2972695.5
0.9633333	205894990.0	1.0	2448157.2
0.9633333	205852350.0	1.0	2447553.0
0.9633333	205812880.0	1.0	2446953.0
0.9633333	205910260.0	0.9984	2932452.5
0.9633333	206131300.0	0.9992	2914176.0
0.96	206413120.0	0.9984	2918817.5
0.9633333	206738380.0	1.0	2444522.8
0.9633333	207248460.0	0.9976	3301425.2
0.9633333	207010270.0	0.9976	2643844.8
0.9633333	207229970.0	0.9976	3180286.0
0.9633333	207601280.0	0.996	3596813.5
0.9633333	208193120.0	0.9944	3092483.5
0.9633333	208157280.0	0.996	2952834.5
0.9633333	207059900.0	0.9968	2752930.5
0.9633333	205629870.0	0.9984	2590405.8
0.96	204516400.0	1.0	2439234.8
0.9633333	203825170.0	1.0	2448357.0
0.96666664	203448800.0	0.9984	2855105.2
0.96666664	203123580.0	1.0	2437504.2
0.96666664	202931340.0	0.9992	2872669.0
0.9633333	203845800.0	0.9976	3822706.2
0.96	205044220.0	0.9992	2832886.0
0.9633333	206333810.0	0.9992	2789258.8
0.9633333	207630420.0	0.9992	2434518.8
0.9633333	209022020.0	0.996	2694200.0
0.9633333	210014620.0	0.992	2904450.8
0.9633333	209358240.0	0.9976	2656229.8
0.9633333	208106540.0	0.9984	2662280.2
0.96	207355400.0	0.9992	2461928.0
0.96	206769970.0	1.0	2431060.8
0.9633333	206690290.0	0.9984	2771043.0
0.9633333	206522380.0	0.9992	3817028.8
0.9633333	206123090.0	0.9984	3928518.2
0.9633333	205910400.0	0.9992	2726485.0
0.96	207400960.0	0.9976	3641001.2
0.9633333	209167700.0	0.9984	2892226.5
0.9633333	211149620.0	0.9992	2594079.5
0.9633333	211433340.0	0.9968	2917071.5
0.96	208909780.0	0.9984	3328186.2
0.96	206927710.0	0.9984	2569172.0
0.9633333	205292770.0	0.9984	2425055.8
0.9633333	204924450.0	0.996	3337022.8
0.9633333	204825680.0	0.9992	2477591.8
0.96	207178050.0	1.0	3483561.5
0.9633333	209651460.0	0.9984	2441476.8
0.9633333	211238780.0	0.996	2555132.0
0.9633333	211736720.0	0.9944	2759766.2
0.9633333	210148960.0	0.992	3881374.0
0.96	208521580.0	0.9976	2546678.5
0.9633333	207311090.0	1.0	2420547.0
0.9633333	206566660.0	0.9992	2568957.0
0.9633333	205894300.0	1.0	2419618.8
0.9633333	205286850.0	1.0	2419136.8
0.9633333	204854400.0	0.9992	2717805.8
0.96666664	204540540.0	1.0	2418141.2
0.96666664	204577010.0	0.9968	3838818.0
0.9633333	205314660.0	0.9952	3423035.8
0.9633333	205715360.0	0.9976	3027388.8
0.9633333	204465580.0	1.0	2723884.8
0.9633333	203921440.0	0.9992	2692932.0
0.9633333	203582530.0	0.9992	2615525.5
0.9633333	202965460.0	0.9976	2947486.0
0.9633333	202560980.0	0.9992	2556798.8
0.9633333	202193940.0	1.0	2413769.0
0.9633333	201861650.0	1.0	2413302.8
0.96	202289580.0	1.0	2547571.0
0.96	202555980.0	0.9992	2465166.2
0.9633333	202904780.0	0.9976	2411936.2
0.9633333	203231330.0	0.9992	2411485.2
0.9633333	202040480.0	0.9984	2846065.0
0.96	200832460.0	0.9992	2512956.0
0.9633333	199597570.0	0.9992	2484775.2
0.9633333	198725680.0	0.9992	2409643.2
0.9633333	197938510.0	0.9984	2409181.5
0.9633333	202150160.0	0.9984	2881093.2
0.9633333	206194660.0	0.9984	2648777.0
0.9633333	209966220.0	0.9992	2516381.8
0.96	215317140.0	1.0	2407197.8
0.96	220249220.0	1.0	2406685.8
0.95666665	225142220.0	0.9952	2926736.5
0.96	222971000.0	0.9992	2823260.8
0.96	221640780.0	1.0	2405161.2
0.96	220443140.0	1.0	2404671.2
0.96	219364240.0	1.0	2404162.8
0.96	218391520.0	1.0	2403650.8
0.95666665	217516130.0	1.0	2403135.0
0.95666665	216768180.0	1.0	2402602.5
0.95666665	216093380.0	1.0	2402069.0
0.95666665	215484600.0	1.0	2401525.2
0.95666665	214935380.0	1.0	2400971.0
0.95666665	214439420.0	1.0	2400416.8
0.95666665	213991280.0	1.0	2399862.8
0.95666665	213586540.0	1.0	2399296.2
0.95666665	213220580.0	1.0	2398729.2
0.95666665	212889890.0	1.0	2398155.2
0.96	212709980.0	0.9984	2397588.8
0.96	212563730.0	1.0	2397003.5
0.96	212430560.0	1.0	2396426.8
0.96	212107410.0	1.0	2404733.0
0.96	211814290.0	1.0	2395264.8
0.96	211549540.0	1.0	2394685.8
0.96	211309100.0	1.0	2394100.8
0.96	211091020.0	1.0	2393506.8
0.96	210893660.0	1.0	2392927.2
0.96	210714160.0	1.0	2392331.5
0.96	210551120.0	1.0	2391745.0
0.96	210402770.0	1.0	2391158.8
0.96	210267920.0	1.0	2390562.5
0.96	210144830.0	1.0	2389975.2
0.96	210032590.0	1.0	2389378.2
0.96	209930190.0	1.0	2388790.8
0.96	209836740.0	1.0	2388192.8
0.96	209750900.0	1.0	2387604.5
0.96	209672420.0	1.0	2387007.8
0.96	209600400.0	1.0	2386411.2
0.96	209534030.0	1.0	2385821.8
0.96	209472580.0	1.0	2385225.0
0.96	209416400.0	1.0	2384631.5
0.96	209364160.0	1.0	2384034.5
0.96	209315950.0	1.0	2383445.2
0.96	209270960.0	1.0	2382848.2
0.96	209228860.0	1.0	2382250.8
0.96	209190110.0	1.0	2381663.2
0.96	209153520.0	1.0	2381064.8
0.96	209119020.0	1.0	2380471.2
0.96	209086980.0	1.0	2379875.0
0.96	209056640.0	1.0	2379287.2
0.96	209027740.0	1.0	2378690.2
0.96	209000780.0	1.0	2378101.2
0.96	208974800.0	1.0	2377504.2
0.96	208950050.0	1.0	2376916.5
0.96	208926340.0	1.0	2376320.2
0.96	208904140.0	1.0	2375732.8
0.96	208882290.0	1.0	2375136.2
0.96	208861400.0	1.0	2374548.5
0.96	208841460.0	1.0	2373952.8
0.96	208822160.0	1.0	2373365.2
0.96	208802670.0	1.0	2372768.8
0.96	208784080.0	1.0	2372182.8
0.96	208766370.0	1.0	2371586.5
0.96	208748780.0	1.0	2371005.0
0.96	208731470.0	1.0	2370409.2
0.96	208714770.0	1.0	2369823.2
0.96	208698180.0	1.0	2369227.2
0.96	208681970.0	1.0	2368639.8
0.96	208666130.0	1.0	2368052.8
0.96	208650670.0	1.0	2367458.5
0.96	208634830.0	1.0	2366877.0
0.96	208619420.0	1.0	2366283.0
0.96	208604450.0	1.0	2365696.2
0.96	208588940.0	1.0	2365109.0
0.96	208574050.0	1.0	2364520.8
0.96	208559250.0	1.0	2363935.2
0.96	208544580.0	1.0	2363348.5
0.96	208529740.0	1.0	2362754.8
0.96	208515340.0	1.0	2362175.2
0.96	208501170.0	1.0	2361589.2
0.96	208486290.0	1.0	2361000.8
0.96	208471940.0	1.0	2360416.0
0.96	208457680.0	1.0	2359831.2
0.96	208443800.0	1.0	2359243.2
0.96	208429220.0	1.0	2358656.8
0.96	208414830.0	1.0	2358077.5
0.96	208401000.0	1.0	2357492.5
0.96	208386960.0	1.0	2356904.8
0.96	208372590.0	1.0	2356319.8
0.96	208358480.0	1.0	2355735.0
0.96	208344600.0	1.0	2355156.5
0.96	208330530.0	1.0	2354568.8
0.96	208316180.0	1.0	2353984.2
0.96	208302380.0	1.0	2353405.5
0.96	208288270.0	1.0	2352822.5
0.96	208274130.0	1.0	2352235.5
0.96	208260240.0	1.0	2351650.8
0.96	208246420.0	1.0	2351072.2
0.96	208232110.0	1.0	2350495.2
0.96	208218190.0	1.0	2349911.0
0.96	208204290.0	1.0	2349332.2
0.96	208190370.0	1.0	2348747.2
0.96	208176130.0	1.0	2348162.8
0.96	208162300.0	1.0	2347584.2
0.96	208148220.0	1.0	2347007.8
0.96	208133970.0	1.0	2346429.0
0.96	208119840.0	1.0	2345846.5
0.96	208105940.0	1.0	2345268.5
0.96	208091940.0	1.0	2344683.0
0.96	208077860.0	1.0	2344105.0
0.96	208063660.0	1.0	2343523.0
0.96	208049780.0	1.0	2342946.5
0.96	208035360.0	1.0	2342368.2
0.96	208021420.0	1.0	2341791.8
0.96	208007470.0	1.0	2341215.2
0.96	207993150.0	1.0	2340637.5
0.96	207979140.0	1.0	2340061.2
0.96	207965000.0	1.0	2339479.2
0.96	207951000.0	1.0	2338902.8
0.96	207936480.0	1.0	2338325.0
0.96	207922500.0	1.0	2337750.8
0.96	207908540.0	1.0	2337173.0
0.96	207894460.0	1.0	2336598.8
0.96	207879980.0	1.0	2336022.5
0.96	207865780.0	1.0	2335445.0
0.96	207851700.0	1.0	2334869.0
0.96	207837470.0	1.0	2334293.0
0.96	207823170.0	1.0	2333717.0
0.96	207809060.0	1.0	2333141.0
0.96	207794960.0	1.0	2332566.5
0.96	207780400.0	1.0	2331991.0
0.96	207765970.0	1.0	2331415.0
0.96	207752140.0	1.0	2330845.2
0.96	207737700.0	1.0	2330269.8
0.96	207723250.0	1.0	2329693.8
0.96	207709010.0	1.0	2329119.2
0.96	207694990.0	1.0	2328544.2
0.96	207680180.0	1.0	2327968.2
0.96	207665920.0	1.0	2327392.8
0.96	207651790.0	1.0	2326818.8
0.96	207637580.0	1.0	2326249.5
0.96	207622980.0	1.0	2325675.5
0.96	207608700.0	1.0	2325108.2
0.96	207594420.0	1.0	2324534.2
0.96	207579760.0	1.0	2323965.2
0.96	207565100.0	1.0	2323391.2
0.96	207551230.0	1.0	2322816.2
0.96	207536590.0	1.0	2322242.2
0.96	207521890.0	1.0	2321673.5
0.96	207507710.0	1.0	2321099.8
0.96	207493310.0	1.0	2320534.5
0.96	207479040.0	1.0	2319965.2
0.96	207464340.0	1.0	2319391.8
0.96	207449890.0	1.0	2318818.2
0.96	207435360.0	1.0	2318249.5
0.96	207420830.0	1.0	2317684.2
0.96	207406130.0	1.0	2317111.0
0.96	207391550.0	1.0	2316543.5
0.96	207377280.0	1.0	2315970.2
0.96	207362740.0	1.0	2315401.8
0.96	207348220.0	1.0	2314836.5
0.96	207333500.0	1.0	2314269.0
0.96	207318880.0	1.0	2313695.8
0.96	207304290.0	1.0	2313123.0
0.96	207289950.0	1.0	2312556.0
0.96	207275200.0	1.0	2311991.0
0.96	207260430.0	1.0	2311424.0
0.96	207246110.0	1.0	2310851.2
0.96	207231180.0	1.0	2310292.0
0.96	207216850.0	1.0	2309725.0
0.96	207202060.0	1.0	2309152.2
0.96	207187090.0	1.0	2308585.5
0.96	207172850.0	1.0	2308022.2
0.96	207157810.0	1.0	2307455.5
0.96	207143410.0	1.0	2306882.5
0.96	207128340.0	1.0	2306324.0
0.96	207113620.0	1.0	2305757.2
0.96	207099120.0	1.0	2305184.8
0.96	207084350.0	1.0	2304619.2
0.96	207069780.0	1.0	2304060.8
0.96	207054750.0	1.0	2303488.8
0.96	207039980.0	1.0	2302923.8
0.96	207025360.0	1.0	2302365.0
0.96	207010300.0	1.0	2301794.2
0.96	206995740.0	1.0	2301236.0
0.96	206980560.0	1.0	2300669.8
0.96	206965970.0	1.0	2300099.2
0.96	206951120.0	1.0	2299540.8
0.96	206936110.0	1.0	2298975.8
0.96	206921310.0	1.0	2298409.2
0.96	206906610.0	1.0	2297846.8
0.96	206891310.0	1.0	2297280.8
0.96	206876540.0	1.0	2296716.0
0.96	206861660.0	1.0	2296159.2
0.96	206846980.0	1.0	2295593.0
0.96	206831900.0	1.0	2295030.8
0.96	206816740.0	1.0	2294465.0
0.96	206802140.0	1.0	2293908.0
0.96	206787170.0	1.0	2293343.8
0.96	206771900.0	1.0	2292779.2
0.96	206757150.0	1.0	2292221.5
0.96	206742300.0	1.0	2291651.2
0.96	206727250.0	1.0	2291095.0
0.96	206711820.0	1.0	2290531.0
0.96	206697220.0	1.0	2289972.8
0.96	206682320.0	1.0	2289408.8
0.96	206667020.0	1.0	2288852.2
0.96	206651940.0	1.0	2288288.2
0.96	206636910.0	1.0	2287732.0
0.96	206622060.0	1.0	2287168.2
0.96	206606780.0	1.0	2286612.0
0.96	206591730.0	1.0	2286048.2
0.96	206576560.0	1.0	2285492.0
0.96	206561230.0	1.0	2284928.5
0.96	206546260.0	1.0	2284372.2
0.96	206531060.0	1.0	2283808.2
0.96	206516160.0	1.0	2283252.8
0.96	206500750.0	1.0	2282690.2
0.96	206485570.0	1.0	2282134.2
0.96	206470560.0	1.0	2281571.0
0.96	206455400.0	1.0	2281021.0
0.96	206440300.0	1.0	2280459.2
0.96	206425090.0	1.0	2279903.8
0.96	206409580.0	1.0	2279339.8
0.96	206394380.0	1.0	2278784.2
0.96	206379180.0	1.0	2278228.8
0.96	206364060.0	1.0	2277666.8
0.96	206348780.0	1.0	2277117.2
0.96	206333600.0	1.0	2276554.0
0.96	206317920.0	1.0	2275999.8
0.96	206303170.0	1.0	2275444.8
0.96	206287490.0	1.0	2274883.0
0.96	206271860.0	1.0	2274333.0
0.96	206257010.0	1.0	2273771.2
0.96	206241380.0	1.0	2273216.2
0.96	206225950.0	1.0	2272662.0
0.96	206210740.0	1.0	2272099.0
0.96	206195570.0	1.0	2271549.5
0.96	206180020.0	1.0	2270996.0
0.96	206164580.0	1.0	2270432.8
0.96	206149010.0	1.0	2269885.0
0.96	206134100.0	1.0	2269323.5
0.96	206118380.0	1.0	2268770.5
0.96	206102530.0	1.0	2268221.0
0.96	206087170.0	1.0	2267659.5
0.96	206072050.0	1.0	2267104.2
0.96	206056370.0	1.0	2266556.8
0.96	206040960.0	1.0	2265995.5
0.96	206025540.0	1.0	2265440.8
0.96	206009950.0	1.0	2264893.5
0.96	205994610.0	1.0	2264332.0
0.96	205978770.0	1.0	2263778.5
0.96	205963620.0	1.0	2263229.5
0.96	205947870.0	1.0	2262676.5
0.96	205932340.0	1.0	2262121.8
0.96	205916530.0	1.0	2261568.2
0.96	205901040.0	1.0	2261021.0
0.96	205885380.0	1.0	2260460.2
0.96	205869820.0	1.0	2259907.0
0.96	205854220.0	1.0	2259359.8
0.96	205838780.0	1.0	2258806.8
0.96	205822780.0	1.0	2258252.2
0.96	205807170.0	1.0	2257699.0
0.96	205791820.0	1.0	2257152.2
0.96	205776300.0	1.0	2256605.0
0.96	205760460.0	1.0	2256044.0
0.96	205745010.0	1.0	2255497.5
0.96	205729150.0	1.0	2254944.8
0.96	205713420.0	1.0	2254397.5
0.96	205697710.0	1.0	2253846.0
0.96	205682050.0	1.0	2253292.2
0.96	205666180.0	1.0	2252739.2
0.96	205650400.0	1.0	2252192.2
0.96	205634540.0	1.0	2251645.5
0.96	205619060.0	1.0	2251092.5
0.96	205603170.0	1.0	2250539.5
0.96	205587120.0	1.0	2249987.0
0.96	205571420.0	1.0	2249440.8
0.96	205556030.0	1.0	2248895.2
0.96	205539940.0	1.0	2248349.0
0.96	205523950.0	1.0	2247796.2
0.96	205508350.0	1.0	2247244.2
0.96	205492530.0	1.0	2246691.0
0.96	205476260.0	1.0	2246146.5
0.96	205460660.0	1.0	2245599.8
0.96	205444560.0	1.0	2245053.5
0.96	205428800.0	1.0	2244502.0
0.96	205413040.0	1.0	2243956.2
0.96	205396900.0	1.0	2243403.8
0.96	205381090.0	1.0	2242857.2
0.96	205365100.0	1.0	2242307.0
0.96	205348930.0	1.0	2241760.8
0.96	205333040.0	1.0	2241215.8
0.96	205317220.0	1.0	2240671.2
0.96	205301250.0	1.0	2240125.2
0.96	205284960.0	1.0	2239574.8
0.96	205269200.0	1.0	2239028.5
0.96	205253070.0	1.0	2238483.8
0.96	205237100.0	1.0	2237932.2
0.96	205221180.0	1.0	2237387.5
0.96	205205380.0	1.0	2236841.2
0.96	205189070.0	1.0	2236297.2
0.96	205173070.0	1.0	2235747.0
0.96	205156770.0	1.0	2235202.5
0.96	205140940.0	1.0	2234656.8
0.96	205124900.0	1.0	2234112.2
0.96	205108540.0	1.0	2233568.2
0.96	205092450.0	1.0	2233024.2
0.96	205076590.0	1.0	2232479.8
0.96	205060400.0	1.0	2231935.8
0.96	205044080.0	1.0	2231391.5
0.96	205028110.0	1.0	2230847.0
0.96	205011780.0	1.0	2230303.2
0.96	204995550.0	1.0	2229759.2
0.96	204979310.0	1.0	2229215.2
0.96	204963100.0	1.0	2228671.0
0.96	204946940.0	1.0	2228127.2
0.96	204930780.0	1.0	2227583.2
0.96	204914430.0	1.0	2227039.2
0.96	204898500.0	1.0	2226495.2
0.96	204881920.0	1.0	2225951.2
0.96	204865700.0	1.0	2225407.8
0.96	204849520.0	1.0	2224863.8
0.96	204833360.0	1.0	2224320.2
0.96	204817090.0	1.0	2223776.5
0.96	204800690.0	1.0	2223232.8
0.96	204784130.0	1.0	2222690.5
0.96	204767940.0	1.0	2222147.0
0.96	204751800.0	1.0	2221603.0
0.96	204735220.0	1.0	2221065.8
0.96	204718850.0	1.0	2220522.0
0.96	204702660.0	1.0	2219980.2
0.96	204686350.0	1.0	2219443.8
0.96	204669860.0	1.0	2218902.0
0.96	204653500.0	1.0	2218358.5
0.96	204637140.0	1.0	2217821.5
0.96	204620700.0	1.0	2217279.0
0.96	204603840.0	1.0	2216736.2
0.96	204587680.0	1.0	2216192.8
0.96	204571040.0	1.0	2215651.0
0.96	204554750.0	1.0	2215113.8
0.96	204538240.0	1.0	2214571.8
0.96	204522020.0	1.0	2214035.8
0.96	204505570.0	1.0	2213494.0
0.96	204489070.0	1.0	2212957.0
0.96	204472400.0	1.0	2212415.2
0.96	204456210.0	1.0	2211872.2
0.96	204439140.0	1.0	2211330.5
0.96	204422880.0	1.0	2210793.5
0.96	204406350.0	1.0	2210252.5
0.96	204389800.0	1.0	2209716.2
0.96	204372980.0	1.0	2209181.0
0.96	204356460.0	1.0	2208639.5
0.96	204339740.0	1.0	2208096.8
0.96	204323330.0	1.0	2207561.5
0.96	204306640.0	1.0	2207019.8
0.96	204289940.0	1.0	2206484.2
0.96	204273520.0	1.0	2205949.0
0.96	204257120.0	1.0	2205407.8
0.96	204240080.0	1.0	2204866.5
0.96	204223500.0	1.0	2204331.5
0.96	204206740.0	1.0	2203796.0
0.96	204190050.0	1.0	2203261.0
0.96	204173260.0	1.0	2202719.8
0.96	204156820.0	1.0	2202179.2
0.96	204140130.0	1.0	2201643.8
0.96	204123250.0	1.0	2201108.2
0.96	204106610.0	1.0	2200573.5
0.96	204090020.0	1.0	2200032.2
0.96	204073280.0	1.0	2199497.5
0.96	204056450.0	1.0	2198963.5
0.96	204039410.0	1.0	2198429.0
0.96	204022610.0	1.0	2197888.2
0.96	204006080.0	1.0	2197353.8
0.96	203988980.0	1.0	2196819.8
0.96	203972380.0	1.0	2196285.2
0.96	203955650.0	1.0	2195744.8
0.96	203938860.0	1.0	2195210.0
0.96	203921940.0	1.0	2194676.2
0.96	203904860.0	1.0	2194143.2
0.96	203888130.0	1.0	2193602.8
0.96	203871580.0	1.0	2193067.8
0.96	203854450.0	1.0	2192534.0
0.96	203837760.0	1.0	2192000.0
0.96	203820800.0	1.0	2191465.8
0.96	203803900.0	1.0	2190932.2
0.96	203786850.0	1.0	2190399.0
0.96	203770100.0	1.0	2189859.0
0.96	203752850.0	1.0	2189331.8
0.96	203735980.0	1.0	2188797.2
0.96	203718800.0	1.0	2188259.0
0.96	203701980.0	1.0	2187731.5
0.96	203685260.0	1.0	2187199.0
0.96	203668000.0	1.0	2186659.0
0.96	203650930.0	1.0	2186132.0
0.96	203634030.0	1.0	2185599.5
0.96	203617170.0	1.0	2185065.5
0.96	203599840.0	1.0	2184532.2
0.96	203582670.0	1.0	2183999.8
0.96	203565860.0	1.0	2183466.0
0.96	203549040.0	1.0	2182934.2
0.96	203531950.0	1.0	2182400.2
0.96	203514740.0	1.0	2181868.0
0.96	203497800.0	1.0	2181340.8
0.96	203480720.0	1.0	2180803.2
0.96	203463570.0	1.0	2180275.5
0.96	203446400.0	1.0	2179743.8
0.96	203429200.0	1.0	2179210.2
0.96	203412380.0	1.0	2178678.2
0.96	203394880.0	1.0	2178146.5
0.96	203377620.0	1.0	2177619.5
0.96	203360800.0	1.0	2177087.2
0.96	203343540.0	1.0	2176553.5
0.96	203326400.0	1.0	2176022.2
0.96	203309040.0	1.0	2175490.8
0.96	203291870.0	1.0	2174964.0
0.96	203274830.0	1.0	2174432.2
0.96	203257360.0	1.0	2173900.5
0.96	203240220.0	1.0	2173373.5
0.96	203222990.0	1.0	2172841.5
0.96	203205760.0	1.0	2172310.2
0.96	203188600.0	1.0	2171778.5
0.96	203171180.0	1.0	2171252.0
0.96	203153840.0	1.0	2170720.8
0.96	203136500.0	1.0	2170195.5
0.96	203119180.0	1.0	2169664.2
0.96	203101860.0	1.0	2169139.5
0.96	203084750.0	1.0	2168607.8
0.96	203067330.0	1.0	2168076.5
0.96	203049900.0	1.0	2167551.8
0.96	203032820.0	1.0	2167020.2
0.96	203015340.0	1.0	2166495.8
0.96	202997970.0	1.0	2165964.0
0.96	202980450.0	1.0	2165439.0
0.96	202963250.0	1.0	2164908.0
0.96	202946050.0	1.0	2164383.2
0.96	202928290.0	1.0	2163852.0
0.96	202910990.0	1.0	2163327.2
0.96	202893740.0	1.0	2162796.2
0.96	202876600.0	1.0	2162271.8
0.96	202858450.0	1.0	2161740.8
0.96	202840960.0	1.0	2161216.2
0.96	202823680.0	1.0	2160691.5
0.96	202806420.0	1.0	2160160.8
0.96	202788640.0	1.0	2159637.8
0.96	202771400.0	1.0	2159107.0
0.96	202753700.0	1.0	2158582.2
0.96	202736460.0	1.0	2158058.0
0.96	202718860.0	1.0	2157535.2
0.96	202701220.0	1.0	2157004.2
0.96	202683800.0	1.0	2156479.8
0.96	202666030.0	1.0	2155955.5
0.96	202648660.0	1.0	2155424.8
0.96	202630980.0	1.0	2154901.8
0.96	202613300.0	1.0	2154377.8
0.96	202595820.0	1.0	2153853.5
0.96	202578060.0	1.0	2153324.8
0.96	202560770.0	1.0	2152800.8
0.96	202543060.0	1.0	2152278.2
0.96	202525420.0	1.0	2151753.8
0.96	202507970.0	1.0	2151231.0
0.96	202490260.0	1.0	2150700.8
0.96	202472850.0	1.0	2150176.5
0.96	202454900.0	1.0	2149653.8
0.96	202437140.0	1.0	2149129.8
0.96	202419440.0	1.0	2148607.8
0.96	202401950.0	1.0	2148084.0
0.96	202384220.0	1.0	2147555.0
0.96	202366420.0	1.0	2147037.5
0.96	202348980.0	1.0	2146508.8
0.96	202331090.0	1.0	2145984.8
0.96	202313250.0	1.0	2145462.2
0.96	202295470.0	1.0	2144940.0
0.96	202277940.0	1.0	2144416.8
0.96	202260210.0	1.0	2143901.0
0.96	202242370.0	1.0	2143372.0
0.96	202224400.0	1.0	2142848.8
0.96	202206670.0	1.0	2142333.0
0.96	202189010.0	1.0	2141804.8
0.96	202171230.0	1.0	2141282.5
0.96	202153170.0	1.0	2140765.5
0.96	202135660.0	1.0	2140243.2
0.96	202117870.0	1.0	2139714.8
0.96	202099760.0	1.0	2139199.0
0.96	202081980.0	1.0	2138675.8
0.96	202064200.0	1.0	2138153.8
0.96	202046420.0	1.0	2137631.8
0.96	202028690.0	1.0	2137110.0
0.96	202010740.0	1.0	2136588.2
0.96	201992700.0	1.0	2136066.5
0.96	201974750.0	1.0	2135551.2
0.96	201956820.0	1.0	2135028.0
0.96	201938910.0	1.0	2134506.5
0.96	201921170.0	1.0	2133984.8
0.96	201903150.0	1.0	2133469.0
0.96	201885010.0	1.0	2132948.0
0.96	201867140.0	1.0	2132426.0
0.96	201849140.0	1.0	2131904.2
0.96	201831230.0	1.0	2131389.2
0.96	201813150.0	1.0	2130867.8
0.96	201795170.0	1.0	2130346.2
0.96	201777280.0	1.0	2129824.8
0.96	201759260.0	1.0	2129309.5
0.96	201741150.0	1.0	2128789.5
0.96	201723220.0	1.0	2128268.2
0.96	201705330.0	1.0	2127746.8
0.96	201686900.0	1.0	2127231.8
0.96	201668940.0	1.0	2126710.2
0.96	201651120.0	1.0	2126195.2
0.96	201632800.0	1.0	2125674.5
0.96	201614830.0	1.0	2125155.0
0.96	201596640.0	1.0	2124639.8
0.96	201578530.0	1.0	2124125.5
0.96	201560590.0	1.0	2123605.5
0.96	201542370.0	1.0	2123084.8
0.96	201524320.0	1.0	2122570.0
0.96	201506430.0	1.0	2122049.0
0.96	201488060.0	1.0	2121535.2
0.96	201469730.0	1.0	2121020.5
0.96	201452050.0	1.0	2120499.8
0.96	201433740.0	1.0	2119980.2
0.96	201415380.0	1.0	2119465.8
0.96	201397020.0	1.0	2118944.8
0.96	201379090.0	1.0	2118431.2
0.96	201360830.0	1.0	2117917.2
0.96	201342610.0	1.0	2117397.8
0.96	201324270.0	1.0	2116883.0
0.96	201306240.0	1.0	2116362.5
0.96	201287920.0	1.0	2115849.8
0.96	201269950.0	1.0	2115330.5
0.96	201251570.0	1.0	2114815.8
0.96	201233340.0	1.0	2114301.5
0.96	201214960.0	1.0	2113782.2
0.96	201196720.0	1.0	2113269.2
0.96	201178260.0	1.0	2112755.0
0.96	201160200.0	1.0	2112236.5
0.96	201141820.0	1.0	2111722.8
0.96	201123650.0	1.0	2111210.0
0.96	201105150.0	1.0	2110690.8
0.96	201086750.0	1.0	2110176.8
0.96	201068590.0	1.0	2109663.8
0.96	201050160.0	1.0	2109151.2
0.96	201031630.0	1.0	2108637.5
0.96	201013490.0	1.0	2108124.8
0.96	200995280.0	1.0	2107605.5
0.96	200976690.0	1.0	2107091.8
0.96	200958130.0	1.0	2106579.2
0.96	200939840.0	1.0	2106061.2
0.96	200921600.0	1.0	2105549.0
0.96	200903260.0	1.0	2105036.5
0.96	200884590.0	1.0	2104522.8
0.96	200866290.0	1.0	2104010.5
0.96	200847870.0	1.0	2103491.5
0.96	200829520.0	1.0	2102979.5
0.96	200811040.0	1.0	2102466.8
0.96	200792220.0	1.0	2101954.5
0.96	200773940.0	1.0	2101441.0
0.96	200755600.0	1.0	2100928.8
0.96	200736900.0	1.0	2100416.8
0.96	200718260.0	1.0	2099904.2
0.96	200700200.0	1.0	2099392.8
0.96	200681550.0	1.0	2098880.2
0.96	200663230.0	1.0	2098368.2
0.96	200644500.0	1.0	2097856.2
0.96	200625810.0	1.0	2097344.2
0.96	200607380.0	1.0	2096832.2
0.96	200588750.0	1.0	2096320.2
0.96	200570460.0	1.0	2095808.2
0.96	200551900.0	1.0	2095296.9
0.96	200533220.0	1.0	2094784.9
0.96	200514530.0	1.0	2094272.9
0.96	200495890.0	1.0	2093762.8
0.96	200477460.0	1.0	2093250.8
0.96	200458850.0	1.0	2092745.9
0.96	200440100.0	1.0	2092234.1
0.96	200421600.0	1.0	2091722.5
0.96	200402750.0	1.0	2091212.6
0.96	200384350.0	1.0	2090700.6
0.96	200365400.0	1.0	2090195.0
0.96	200346900.0	1.0	2089683.8
0.96	200328500.0	1.0	2089173.4
0.96	200309890.0	1.0	2088662.0
0.96	200290850.0	1.0	2088150.2
0.96	200272000.0	1.0	2087645.0
0.96	200253740.0	1.0	2087133.4
0.96	200234640.0	1.0	2086623.9
0.96	200216180.0	1.0	2086112.6
0.96	200197340.0	1.0	2085602.8
0.96	200178850.0	1.0	2085091.4
0.96	200159790.0	1.0	2084588.4
0.96	200141140.0	1.0	2084077.1
0.96	200122270.0	1.0	2083571.8
0.96	200103790.0	1.0	2083061.5
0.96	200084980.0	1.0	2082556.9
0.96	200066190.0	1.0	2082047.4
0.96	200047040.0	1.0	2081536.2
0.96	200028620.0	1.0	2081027.1
0.96	200009620.0	1.0	2080522.2
0.96	199990900.0	1.0	2080012.8
0.96	199971890.0	1.0	2079507.5
0.96	199953260.0	1.0	2078997.8
0.96	199934580.0	1.0	2078493.2
0.96	199915540.0	1.0	2077983.8
0.96	199896580.0	1.0	2077474.6
0.96	199877970.0	1.0	2076970.0
0.96	199859040.0	1.0	2076461.0
0.96	199840110.0	1.0	2075955.4
0.96	199821500.0	1.0	2075452.9
0.96	199802640.0	1.0	2074943.8
0.96	199783840.0	1.0	2074432.9
0.96	199764500.0	1.0	2073930.4
0.96	199745630.0	1.0	2073421.2
0.96	199726670.0	1.0	2072917.4
0.96	199707800.0	1.0	2072415.2
0.96	199688620.0	1.0	2071904.2
0.96	199669940.0	1.0	2071395.1
0.96	199650940.0	1.0	2070892.5
