Validation Accuracy	Validation Loss	Training Accuracy	Training Loss
0.0049443757	120560300.0	0.0132	10451.323
0.038936958	77631840000.0	0.0512	114889170.0
0.02039555	80743950000.0	0.0216	76181996000.0
0.046353523	10832838000.0	0.0484	86042680000.0
0.02039555	162546380000.0	0.0184	10533831000.0
0.02039555	448033300000.0	0.026	165411720000.0
0.048207663	411117300000.0	0.0448	430594880000.0
0.04882571	123618490000.0	0.0476	416487700000.0
0.055624228	38359323000.0	0.0444	126265540000.0
0.019777503	41008394000.0	0.016	39072272000.0
0.055624228	64329216000.0	0.0416	42348210000.0
0.04882571	95715975000.0	0.0416	68367294000.0
0.045735475	94705020000.0	0.0304	101426470000.0
0.045735475	51253846000.0	0.0476	95401610000.0
0.038936958	106063050000.0	0.0372	50404168000.0
0.02039555	307044650000.0	0.0248	106500784000.0
0.005562423	142404370000.0	0.0068	314185650000.0
0.009270704	83747045000.0	0.0156	137990080000.0
0.040173054	172588960000.0	0.0432	80522410000.0
0.1025958	11986298000.0	0.1012	178494900000.0
0.038318913	26245057000.0	0.0292	10898757000.0
0.05253399	20919069000.0	0.0468	25650086000.0
0.058096416	116753570000.0	0.062	19484045000.0
0.04882571	113333180000.0	0.048	117830170000.0
0.040173054	152633250000.0	0.0504	108241900000.0
0.048207663	53314910000.0	0.0428	145530850000.0
0.033374537	23606135000.0	0.0324	52454363000.0
0.030902348	252973320000.0	0.0344	21734207000.0
0.042645242	283698000000.0	0.0408	256656700000.0
0.017305315	280026380000.0	0.0216	259316650000.0
0.044499382	39345470000.0	0.0496	262752110000.0
0.02039555	377334000000.0	0.026	39366690000.0
0.027194066	200938050000.0	0.0404	385942420000.0
0.02843016	158773530000.0	0.0384	194641800000.0
0.0407911	609324600000.0	0.0452	160996110000.0
0.06365884	98830610000.0	0.0492	627953800000.0
0.0512979	152941500000.0	0.0436	102855330000.0
0.060568605	205004800000.0	0.07	148411020000.0
0.04882571	321023380000.0	0.0572	202111390000.0
0.021631643	344574560000.0	0.0292	323131770000.0
0.015451174	252144010000.0	0.0144	320857960000.0
0.111866504	65370845000.0	0.1132	246916970000.0
0.040173054	205485490000.0	0.046	67914056000.0
0.07663783	92184740000.0	0.072	208944400000.0
0.009270704	127929850000.0	0.0036	90769690000.0
0.044499382	212703670000.0	0.0452	129988440000.0
0.046353523	138929950000.0	0.042	222258840000.0
0.092089	122831880000.0	0.1	137646880000.0
0.05067985	124442690000.0	0.054	120640380000.0
0.013597033	87815864000.0	0.0084	124522770000.0
0.0407911	95849636000.0	0.0376	87832355000.0
0.035228677	130632270000.0	0.0352	93869695000.0
0.037700865	114000630000.0	0.0372	131581920000.0
0.038936958	112200290000.0	0.0332	114376080000.0
0.09456119	50910556000.0	0.0916	113421110000.0
0.02039555	78311360000.0	0.02	50112960000.0
0.0512979	70762865000.0	0.0408	83426220000.0
0.0512979	70113220000.0	0.0508	70384255000.0
0.021631643	43458654000.0	0.0208	69946820000.0
0.06922126	39750180000.0	0.0816	43456655000.0
0.069839306	30176977000.0	0.078	39780745000.0
0.07169345	36998636000.0	0.068	30512058000.0
0.06427688	25337051000.0	0.0652	36977170000.0
0.12855376	21877557000.0	0.11	26017704000.0
0.14771323	20463493000.0	0.1612	22169848000.0
0.16007416	22411080000.0	0.1552	21276328000.0
0.16996291	22985292000.0	0.1704	22709672000.0
0.16131026	16821845000.0	0.1696	23492050000.0
0.15327565	17195473000.0	0.1544	17647278000.0
0.20580964	11070831000.0	0.2004	17054067000.0
0.25339925	11972896000.0	0.2608	10889418000.0
0.30593324	10461176000.0	0.2896	12166340000.0
0.21569839	9771125000.0	0.2012	10467110000.0
0.21199012	7011118600.0	0.1972	9976321000.0
0.25896168	6613518000.0	0.272	7208058400.0
0.25587144	6658820600.0	0.2588	6533316600.0
0.2960445	6643619000.0	0.272	6614400500.0
0.3133498	5765875000.0	0.278	6833555000.0
0.33992583	4178475300.0	0.3116	6080793600.0
0.32880098	3630899500.0	0.3128	4221604400.0
0.32323855	3580055000.0	0.2984	3549121000.0
0.36897403	3206926600.0	0.3544	3589501700.0
0.41594562	3028980500.0	0.4	3088323600.0
0.4437577	2679862500.0	0.4372	3045906400.0
0.4814586	2124378200.0	0.4516	2540573700.0
0.47836834	2047952600.0	0.4412	2004971900.0
0.48640296	1853464200.0	0.47	1829652400.0
0.5117429	1655543600.0	0.464	1760021600.0
0.51112485	1635437000.0	0.5072	1534128300.0
0.50432634	1459900300.0	0.4948	1493021200.0
0.48207664	1449919700.0	0.4792	1331750100.0
0.4882571	1427767700.0	0.4668	1330652300.0
0.5278121	1240910300.0	0.514	1410209500.0
0.5562423	1216860300.0	0.5556	1080699600.0
0.54511744	1164770400.0	0.5376	1125518300.0
0.5630408	1007819840.0	0.5508	1073902000.0
0.58096415	947263700.0	0.5732	888134700.0
0.60815823	896593700.0	0.604	807064960.0
0.5970334	872794500.0	0.6116	698781950.0
0.6143387	781313150.0	0.6136	798561500.0
0.63597035	730106400.0	0.6448	636446400.0
0.6464771	679596350.0	0.6256	641906240.0
0.6551298	637443400.0	0.654	569225600.0
0.6761434	594074500.0	0.6848	539566900.0
0.6588381	548616000.0	0.6568	547616200.0
0.6959209	497345950.0	0.6908	440527970.0
0.7039555	484684900.0	0.7132	412978200.0
0.7169345	463378880.0	0.7112	427662400.0
0.7249691	432051170.0	0.7508	365403870.0
0.7447466	403677100.0	0.7488	377341440.0
0.7540173	389423550.0	0.7692	337693380.0
0.7595797	382970180.0	0.7832	300447840.0
0.76885045	357031000.0	0.7776	331216830.0
0.7849197	326893600.0	0.7956	280957250.0
0.7812114	320870620.0	0.7912	254988500.0
0.76885045	325791580.0	0.7924	237255360.0
0.76514214	320149200.0	0.7832	251287570.0
0.77935725	295243230.0	0.8036	235101230.0
0.7867738	278551700.0	0.8008	223978350.0
0.7799753	278782270.0	0.8	213418610.0
0.7855377	271643100.0	0.8088	217078350.0
0.7904821	258049250.0	0.8112	220602800.0
0.79419035	252692500.0	0.8128	210833660.0
0.8003708	251488350.0	0.818	198786740.0
0.80098885	236656720.0	0.8108	191703520.0
0.7985167	223906190.0	0.8272	160148020.0
0.79666257	222127330.0	0.8184	172604980.0
0.7985167	223143680.0	0.8164	192781500.0
0.80098885	210410240.0	0.8268	181024030.0
0.79789865	199562700.0	0.8276	155180800.0
0.8034611	202936210.0	0.826	163354980.0
0.8034611	205781890.0	0.8428	146455950.0
0.81273174	191468220.0	0.8268	158697740.0
0.8108776	181739780.0	0.8284	150421070.0
0.80840546	183400980.0	0.8124	154726200.0
0.8176761	174942020.0	0.8504	135547980.0
0.8257108	171283400.0	0.8448	142666820.0
0.8207664	169266130.0	0.8368	141866190.0
0.8139679	174029710.0	0.8432	123574344.0
0.8275649	161579460.0	0.8556	133528550.0
0.83374536	156885120.0	0.8532	120071760.0
0.83374536	155345100.0	0.8644	120566360.0
0.83003706	149091250.0	0.8544	120111410.0
0.83189124	147254860.0	0.8448	119615480.0
0.83745366	149237800.0	0.862	110657020.0
0.8331273	149326020.0	0.8604	98769580.0
0.8362176	140778500.0	0.8712	93195770.0
0.83745366	137374380.0	0.8748	80588920.0
0.84054387	138198500.0	0.8688	102867100.0
0.84425217	133855610.0	0.8724	105767270.0
0.8479605	133316136.0	0.884	70588490.0
0.8461063	136471380.0	0.8724	83358850.0
0.8461063	137200290.0	0.8832	79019020.0
0.8535229	126688220.0	0.8836	81839384.0
0.83189124	130940350.0	0.872	83134650.0
0.8399258	128477464.0	0.8624	93886860.0
0.8479605	124259910.0	0.8716	91540820.0
0.8411619	126456584.0	0.8676	85059910.0
0.8473424	123132280.0	0.8652	89738300.0
0.8578492	118334760.0	0.8924	84827260.0
0.8436341	116023980.0	0.8808	62173956.0
0.84548825	114005784.0	0.864	93744104.0
0.8498146	112865650.0	0.878	78829920.0
0.8448702	113923896.0	0.88	81327240.0
0.8529048	109586570.0	0.888	75451820.0
0.8510507	106979330.0	0.8796	72154760.0
0.84919655	107763450.0	0.8884	66121190.0
0.85228676	105642150.0	0.8888	72646630.0
0.84919655	105945110.0	0.8876	59822860.0
0.8566131	105336824.0	0.8968	65479044.0
0.85908526	102071944.0	0.8964	73456650.0
0.8529048	100310630.0	0.8948	59568228.0
0.8448702	101677440.0	0.8724	72024456.0
0.8529048	99424510.0	0.8872	71441600.0
0.85414094	99414696.0	0.8916	55633260.0
0.85599506	98793280.0	0.8972	57477280.0
0.8615575	96377990.0	0.902	48782540.0
0.8584672	94286990.0	0.9052	57032148.0
0.8461063	95818930.0	0.8828	60974740.0
0.855377	94051750.0	0.8944	60304692.0
0.855377	95660020.0	0.896	52396450.0
0.85908526	94368470.0	0.8908	47446804.0
0.8603214	90723040.0	0.898	57304950.0
0.8578492	90453630.0	0.9068	45085036.0
0.8529048	90788280.0	0.8928	56654076.0
0.85908526	87633660.0	0.906	52369244.0
0.8603214	90378936.0	0.9028	48271160.0
0.85970336	88288240.0	0.8932	50834310.0
0.85970336	86846590.0	0.9096	52889616.0
0.85970336	85962570.0	0.8928	48925810.0
0.8621755	83890760.0	0.9008	55323920.0
0.85970336	84483680.0	0.9116	35449604.0
0.86402965	83629870.0	0.914	45305090.0
0.8646477	82310250.0	0.9168	39665976.0
0.86093944	81049070.0	0.9016	43783264.0
0.8646477	80765990.0	0.9128	39149540.0
0.8634116	80842730.0	0.9176	39988896.0
0.8529048	83709980.0	0.9	36690612.0
0.8646477	82471224.0	0.9032	51915764.0
0.86773795	80142390.0	0.904	46780988.0
0.84919655	82325530.0	0.9004	44543668.0
0.8646477	81314450.0	0.9028	45342436.0
0.8658838	77691624.0	0.9064	49582940.0
0.85414094	78230440.0	0.8888	38192220.0
0.86279356	77956470.0	0.9084	40741980.0
0.8634116	78118790.0	0.9156	40826564.0
0.8516687	80919790.0	0.8932	39407830.0
0.8658838	75180090.0	0.9164	35435388.0
0.86650187	75869870.0	0.9156	31225286.0
0.86279356	74058824.0	0.9136	36328616.0
0.8621755	72906480.0	0.9168	39122864.0
0.86093944	77859750.0	0.9032	33127934.0
0.8646477	72062590.0	0.9228	41729650.0
0.86093944	73871400.0	0.9012	37490772.0
0.855377	78429010.0	0.8912	35621116.0
0.86773795	71570550.0	0.9224	40358950.0
0.84672433	78695740.0	0.89	34912040.0
0.8671199	75494216.0	0.9184	40368740.0
0.8658838	76775950.0	0.9168	34023856.0
0.8368356	80733256.0	0.88	38001944.0
0.86279356	72370630.0	0.9104	35100772.0
0.85970336	77538050.0	0.8976	38774004.0
0.8473424	77711150.0	0.8968	32292828.0
0.8695921	67654590.0	0.9272	31666350.0
0.8658838	72651240.0	0.9032	27512626.0
0.8708282	67905384.0	0.9248	41524460.0
0.8584672	70556650.0	0.9148	27161744.0
0.8733004	69193540.0	0.9192	33399868.0
0.8702101	67886820.0	0.9292	27707126.0
0.85908526	68813230.0	0.9224	28617100.0
0.8646477	66102830.0	0.9276	28875014.0
0.8634116	68585810.0	0.9136	33409224.0
0.8652658	67562920.0	0.926	29216274.0
0.8652658	67413464.0	0.9088	30820784.0
0.8708282	64964896.0	0.938	29677418.0
0.86773795	66136096.0	0.9224	20032394.0
0.8695921	64026684.0	0.9384	23086902.0
0.8658838	62763696.0	0.936	29146542.0
0.8658838	62504030.0	0.9368	31661558.0
0.8652658	64543668.0	0.93	18759868.0
0.86773795	62811956.0	0.9396	28889730.0
0.87144625	61513236.0	0.9308	27055360.0
0.86897403	62137590.0	0.9292	29536496.0
0.8702101	64056660.0	0.9244	27752684.0
0.8702101	66714864.0	0.9176	27846830.0
0.8708282	61925000.0	0.9392	28575848.0
0.8671199	62478136.0	0.928	18863656.0
0.8671199	61158060.0	0.9368	20898988.0
0.8578492	65964310.0	0.9256	18877382.0
0.86897403	61206116.0	0.9344	27440422.0
0.8751545	60129510.0	0.9432	21699890.0
0.8658838	61572670.0	0.9276	21651218.0
0.87144625	59731052.0	0.9444	20898662.0
0.8702101	61245740.0	0.9356	15756929.0
0.868356	59153996.0	0.9404	19177260.0
0.8671199	59872876.0	0.9348	24042190.0
0.86773795	60189332.0	0.93	22725988.0
0.86773795	59475440.0	0.938	18156196.0
0.84672433	65748070.0	0.9192	15355570.0
0.8708282	60240384.0	0.9312	27796940.0
0.86093944	63801170.0	0.9344	20794448.0
0.854759	62022812.0	0.9384	22279634.0
0.85723114	62557024.0	0.928	17909222.0
0.86402965	59530696.0	0.9348	24113812.0
0.8516687	67555770.0	0.9	17690416.0
0.85723114	66810144.0	0.8908	25656458.0
0.87268233	59520976.0	0.9464	20333626.0
0.8461063	68462280.0	0.9116	18690888.0
0.86093944	67702650.0	0.9104	23317762.0
0.8621755	67499656.0	0.9272	25326646.0
0.85970336	61460950.0	0.92	30895208.0
0.8226205	77642980.0	0.878	18478300.0
0.78615576	108301780.0	0.826	28348606.0
0.8708282	65999644.0	0.9272	59253236.0
0.70333743	128275610.0	0.7448	30790870.0
0.6637824	242323400.0	0.6804	83579420.0
0.83003706	102811330.0	0.8684	188055500.0
0.59641534	236424400.0	0.6236	59895890.0
0.53831893	540428540.0	0.5256	198365340.0
0.7472188	204876480.0	0.7668	474285100.0
0.54388136	378301660.0	0.5372	147730580.0
0.8195303	148426860.0	0.8604	309488960.0
0.6384425	368710080.0	0.6596	102290250.0
0.83868974	119571050.0	0.8788	298799420.0
0.61001235	326974620.0	0.644	70522700.0
0.82323855	152749120.0	0.858	270415400.0
0.7286774	248257360.0	0.7388	99114824.0
0.7904821	169502620.0	0.8188	191849180.0
0.7713226	175290580.0	0.806	102197160.0
0.76390606	173777250.0	0.7988	122377580.0
0.829419	143216910.0	0.8456	129658570.0
0.77070457	215363310.0	0.8012	92643800.0
0.8461063	129396770.0	0.874	162528020.0
0.8139679	138832580.0	0.8628	78016500.0
0.7076638	227817900.0	0.7272	83833260.0
0.8702101	101651360.0	0.9084	161924690.0
0.7830655	187596800.0	0.8132	56675684.0
0.79666257	168378140.0	0.8288	141585200.0
0.87577254	91372616.0	0.902	124145510.0
0.8170581	141563950.0	0.8432	45440476.0
0.8145859	146560020.0	0.8588	90056110.0
0.855377	101017520.0	0.8928	87706260.0
0.8411619	120756024.0	0.8664	48220016.0
0.8498146	111161860.0	0.882	65812130.0
0.8529048	94140110.0	0.8904	52897384.0
0.8090235	101711380.0	0.8504	50417856.0
0.8695921	80817384.0	0.9048	67961310.0
0.87144625	90489970.0	0.9124	42989496.0
0.85599506	106603380.0	0.89	37145090.0
0.8776267	85544630.0	0.9104	58824844.0
0.8844252	71112890.0	0.9256	43755964.0
0.85970336	80587830.0	0.9104	38037564.0
0.85908526	79531896.0	0.9096	36393330.0
0.8825711	69992560.0	0.92	49104064.0
0.8733004	74997940.0	0.9176	39941036.0
0.8485785	86465460.0	0.9056	37266330.0
0.8578492	82127040.0	0.9016	44580490.0
0.8825711	66167548.0	0.9384	39483936.0
0.88998765	63326220.0	0.9412	30867442.0
0.8807169	71147440.0	0.9268	31399914.0
0.88133496	69698410.0	0.9308	33193938.0
0.8912237	61809536.0	0.9392	34399340.0
0.881953	67809800.0	0.9288	26701974.0
0.8763906	72179960.0	0.9272	23450168.0
0.8881335	65201176.0	0.942	26063822.0
0.88875157	60006532.0	0.95	19545932.0
0.88133496	61172184.0	0.936	20358982.0
0.8733004	62302640.0	0.9308	26162924.0
0.8763906	60602750.0	0.9412	22010890.0
0.8912237	59003456.0	0.9412	27437512.0
0.87824476	65868600.0	0.9348	20005002.0
0.88627934	63648124.0	0.9308	27533724.0
0.89802223	58094524.0	0.9572	20554718.0
0.8838072	56232016.0	0.9524	14248912.0
0.8751545	59279784.0	0.9432	16318130.0
0.88318914	57457188.0	0.9508	18229292.0
0.8856613	56378332.0	0.9504	15804591.0
0.8893696	57860120.0	0.9476	12001068.0
0.8893696	56971856.0	0.9492	12962764.0
0.88998765	55222090.0	0.9628	15043800.0
0.88875157	55761356.0	0.9584	14744420.0
0.88998765	55561572.0	0.9496	16136969.0
0.89184177	54511612.0	0.9512	14800898.0
0.8893696	53771070.0	0.9576	13554198.0
0.8906057	55344560.0	0.9528	15146810.0
0.89369595	53799380.0	0.956	18795196.0
0.8881335	51417410.0	0.9632	10499980.0
0.88504326	52086296.0	0.9544	14896439.0
0.881953	51990990.0	0.9568	17401666.0
0.88504326	52859268.0	0.9596	17620282.0
0.881953	54156360.0	0.9608	9016164.0
0.881953	53327520.0	0.9628	11430923.0
0.88875157	52976364.0	0.9508	11992289.0
0.88627934	52106510.0	0.9568	9819473.0
0.8881335	51285530.0	0.9668	8422560.0
0.8881335	51257268.0	0.966	15925715.0
0.8800989	52376600.0	0.9588	9302746.0
0.88627934	51141836.0	0.964	9610789.0
0.88627934	51806956.0	0.968	11418997.0
0.8807169	52585470.0	0.9648	13702464.0
0.88875157	50964224.0	0.9676	12768268.0
0.8881335	50947040.0	0.962	11759215.0
0.8875154	51180068.0	0.9612	12742636.0
0.8906057	50342280.0	0.9644	9353356.0
0.894314	49247260.0	0.9704	12117407.0
0.89307785	49214056.0	0.9676	8365766.0
0.88998765	49583228.0	0.9708	12370837.0
0.88998765	49678216.0	0.968	12216667.0
0.88133496	50178708.0	0.9688	5775415.0
0.8825711	49945972.0	0.9668	10403462.0
0.8844252	49042430.0	0.9664	11094325.0
0.88875157	48844970.0	0.9676	9756402.0
0.8924598	49133576.0	0.9676	9722863.0
0.89493203	49509070.0	0.966	10910813.0
0.88998765	49044944.0	0.9652	10990814.0
0.88627934	48598372.0	0.9672	10176685.0
0.88998765	48276344.0	0.9596	10878702.0
0.88998765	49232700.0	0.9704	6657362.5
0.89184177	49635810.0	0.9664	8313630.5
0.8906057	48418030.0	0.9728	5865379.0
0.88504326	47473556.0	0.9708	7330960.0
0.8875154	47384324.0	0.9688	11475717.0
0.88504326	48105884.0	0.9656	12496213.0
0.8838072	48997120.0	0.9712	9635431.0
0.8844252	48334080.0	0.9748	10374110.0
0.8844252	48019428.0	0.9732	7601405.0
0.8868974	48435370.0	0.974	7169261.5
0.88133496	49432584.0	0.968	9815066.0
0.8838072	48858264.0	0.9724	9022075.0
0.88875157	48277004.0	0.9692	7143595.0
0.8868974	48093844.0	0.974	6759309.0
0.8868974	47893696.0	0.976	7992999.0
0.88627934	47937424.0	0.9744	6038019.5
0.88504326	49143156.0	0.9712	6825640.5
0.8856613	48500580.0	0.9808	6546748.0
0.88627934	47829892.0	0.9704	6267005.0
0.88627934	47730776.0	0.9764	7968886.0
0.88627934	47408460.0	0.9804	5719449.5
0.8825711	48767756.0	0.972	6572672.0
0.8800989	48758116.0	0.9736	6133414.5
0.881953	47717450.0	0.982	7133669.0
0.88318914	47903476.0	0.974	9043668.0
0.881953	47769096.0	0.9776	5901400.0
0.8807169	48856080.0	0.9756	5771583.5
0.8720643	50594496.0	0.9656	6567166.0
0.88318914	46943844.0	0.9712	8413873.0
0.8800989	47847470.0	0.966	6407834.0
0.8838072	46766776.0	0.9776	8067671.5
0.8875154	48130356.0	0.974	8597293.0
0.8838072	48477336.0	0.9692	6322849.5
0.88133496	46639930.0	0.9764	5365575.0
0.88133496	46403200.0	0.9804	8323311.0
0.8856613	46387556.0	0.9808	5857408.0
0.8856613	46729664.0	0.9772	6385474.5
0.8844252	46597812.0	0.9772	6235948.0
0.8844252	46830908.0	0.9784	4677924.5
0.88504326	47318056.0	0.9772	5286211.0
0.8844252	47274360.0	0.9752	5516981.5
0.88627934	47065510.0	0.98	6232543.5
0.8856613	47227884.0	0.9816	7863241.0
0.8856613	46961804.0	0.978	10028807.0
0.88627934	46765610.0	0.9768	12898932.0
0.88627934	46570150.0	0.9816	6900520.5
0.8825711	46577980.0	0.9832	4148092.5
0.881953	46397280.0	0.9816	5913811.0
0.87948084	46373770.0	0.9776	4988147.0
0.8788628	46340092.0	0.982	4141960.8
0.87948084	46511360.0	0.9804	7344218.0
0.8807169	47162468.0	0.9772	11946202.0
0.8800989	47462700.0	0.98	5051608.5
0.8807169	47037550.0	0.978	5719870.5
0.8763906	47152916.0	0.9748	4195009.0
0.8807169	46561160.0	0.9752	8346874.0
0.8807169	47015110.0	0.974	8273903.5
0.87824476	47228820.0	0.9708	5874994.0
0.8800989	46493372.0	0.9812	7685734.5
0.8770087	46681020.0	0.9796	5006346.0
0.87824476	46708324.0	0.9756	5609386.0
0.8807169	47184504.0	0.982	5628801.0
0.87948084	47093756.0	0.9824	4520020.0
0.8825711	46419304.0	0.9836	6487836.0
0.881953	46023130.0	0.9784	4221977.5
0.8825711	45732010.0	0.982	4807214.5
0.8807169	46677628.0	0.9732	4337656.0
0.8800989	46760220.0	0.9864	3407308.8
0.88504326	45352796.0	0.982	4730671.5
0.8838072	45801050.0	0.9832	4362701.5
0.88318914	46054484.0	0.9808	7260455.5
0.8807169	45931748.0	0.984	4849010.5
0.8800989	46860660.0	0.98	3578630.5
0.8776267	46867410.0	0.9784	7200387.0
0.88133496	45746050.0	0.9852	6162836.0
0.88318914	45509990.0	0.9832	4765804.0
0.88504326	45550188.0	0.9796	7428215.0
0.88133496	45418028.0	0.9864	4788847.5
0.8770087	46540984.0	0.9828	4861380.5
0.8733004	48076576.0	0.9732	3685042.2
0.8751545	45977570.0	0.9816	6500841.0
0.8807169	45855790.0	0.9828	4260985.0
0.8800989	46139284.0	0.9836	3929895.8
0.8770087	47011220.0	0.98	6039653.0
0.8770087	46460750.0	0.9836	3649889.0
0.87824476	46449748.0	0.9804	6368606.5
0.87824476	46002610.0	0.9836	4691685.0
0.88133496	45600344.0	0.9844	4993404.5
0.8844252	46246748.0	0.9828	5635353.0
0.8800989	47370504.0	0.98	4010207.2
0.8844252	45598456.0	0.9868	3636113.8
0.8844252	45190348.0	0.98	3659409.5
0.881953	45412350.0	0.9808	3421671.5
0.881953	45348468.0	0.988	4311733.0
0.8770087	48914400.0	0.9744	3206668.0
0.881953	45438680.0	0.9852	5422004.0
0.8763906	46093720.0	0.9728	4580419.0
0.8838072	45205068.0	0.9848	3889197.0
0.87948084	46319452.0	0.9796	4200057.0
0.8733004	48318870.0	0.9688	3826815.0
0.8800989	46168028.0	0.9864	4793716.0
0.8770087	47501996.0	0.9744	4187124.5
0.8776267	46223196.0	0.978	4290133.5
0.88318914	45084220.0	0.9852	4203907.0
0.8763906	46952308.0	0.9756	3104556.8
0.87948084	45628716.0	0.9856	3645727.2
0.88318914	45050292.0	0.988	3764724.0
0.8763906	45792388.0	0.9824	3542411.8
0.8800989	46240416.0	0.978	4800010.0
0.8838072	45276140.0	0.9896	3887516.0
0.88318914	44808030.0	0.9872	4648798.5
0.8825711	45461252.0	0.9804	4370852.5
0.8807169	45472550.0	0.9884	3278601.0
0.8788628	45962936.0	0.982	8122922.0
0.87577254	46045290.0	0.9768	4616239.0
0.8770087	45971520.0	0.9824	3737715.0
0.8800989	45599132.0	0.982	6460586.0
0.88133496	45617130.0	0.9848	3963489.0
0.8807169	45420988.0	0.984	3860396.0
0.88318914	44668404.0	0.9852	3206208.8
0.8844252	44206132.0	0.9844	4259541.0
0.881953	44622924.0	0.984	6267619.5
0.88133496	44942796.0	0.9896	3238722.8
0.8770087	44598144.0	0.992	3894988.5
0.8788628	45000030.0	0.9852	4179727.2
0.8770087	45463772.0	0.9844	3583001.0
0.881953	45203844.0	0.9868	3133800.8
0.8800989	45402810.0	0.984	5226289.5
0.88133496	45032724.0	0.9884	7642389.5
0.8770087	45969530.0	0.984	7881068.5
0.8776267	45779120.0	0.9824	3850474.8
0.87824476	44862310.0	0.9868	4225307.0
0.8807169	44669050.0	0.988	3288765.5
0.88133496	45033256.0	0.9884	3025403.0
0.8751545	46342976.0	0.9876	3259631.0
0.8776267	45814316.0	0.9888	4079113.5
0.8751545	45825876.0	0.9848	3233900.2
0.87453645	45762556.0	0.9876	5717400.0
0.87948084	45597896.0	0.9912	3677863.0
0.88133496	45491980.0	0.9928	3119739.2
0.87948084	45811704.0	0.992	3043076.5
0.8788628	46109944.0	0.988	3835128.2
0.87948084	45896570.0	0.9904	3017070.8
0.8800989	45717770.0	0.9892	2875358.0
0.8807169	45628210.0	0.986	3052673.8
0.8807169	45597790.0	0.986	4156041.2
0.87948084	45259012.0	0.9876	3617585.2
0.881953	44965304.0	0.9908	3542731.5
0.8776267	45482896.0	0.9916	3132421.5
0.87824476	45208170.0	0.992	5564837.5
0.8788628	45246516.0	0.9916	2865516.0
0.8807169	45319444.0	0.9892	5213484.0
0.8776267	46133310.0	0.986	6872849.0
0.87948084	46381090.0	0.9836	3611951.0
0.87824476	46516850.0	0.99	3028161.8
0.88133496	45607400.0	0.9928	3887636.5
0.88133496	45235364.0	0.9904	3401521.2
0.87948084	44969812.0	0.9912	5215731.5
0.8788628	45134516.0	0.9912	2892385.5
0.8788628	45231504.0	0.9876	2900094.2
0.87948084	44850900.0	0.99	2973204.8
0.8844252	44653108.0	0.99	3372560.5
0.881953	45060424.0	0.9916	4656530.0
0.88133496	45394784.0	0.9904	4695030.5
0.87948084	45759476.0	0.9828	4000140.0
0.8788628	45624564.0	0.9852	4326200.5
0.8807169	45019960.0	0.99	3336526.0
0.88133496	45496790.0	0.982	2922498.8
0.87948084	45512640.0	0.9836	3779427.0
0.8800989	45762330.0	0.9864	3402554.2
0.8838072	44840050.0	0.9888	3840541.5
0.8800989	45240772.0	0.9872	2676846.5
0.8776267	45672190.0	0.9864	2945829.0
0.8800989	45521004.0	0.9912	3325046.2
0.8825711	45443640.0	0.9912	3322820.2
0.88318914	45613584.0	0.9924	3051831.5
0.8788628	45972652.0	0.9884	3104820.8
0.87824476	45850580.0	0.986	5230360.0
0.87824476	45271050.0	0.9884	5711616.5
0.8776267	45261384.0	0.9892	3197504.0
0.87948084	45267964.0	0.988	2920112.5
0.87948084	44842776.0	0.9896	3117073.8
0.8763906	44750736.0	0.992	3638849.5
0.87824476	44789544.0	0.994	2774143.5
0.87577254	45102236.0	0.9944	2619570.5
0.8763906	45209610.0	0.9868	3407031.8
0.8763906	45283892.0	0.9892	4812049.5
0.87453645	45220320.0	0.9908	3219886.0
0.8751545	45372570.0	0.9936	4296020.5
0.87268233	45642772.0	0.9932	4435074.0
0.87453645	45740550.0	0.9932	2818881.0
0.87577254	45246060.0	0.9888	3345293.0
0.87824476	45057576.0	0.99	2706040.2
0.8788628	44888500.0	0.9908	3142913.5
0.881953	45002824.0	0.9936	3135541.0
0.87948084	45698920.0	0.9912	3063196.5
0.8788628	46411468.0	0.9844	3447359.5
0.8776267	45715556.0	0.992	3137332.2
0.8825711	45512484.0	0.9868	6678460.0
0.88318914	45604710.0	0.9944	2962600.0
0.87824476	46044370.0	0.992	2646367.8
0.8788628	46777904.0	0.9848	2801905.0
0.87824476	45570884.0	0.9924	2786519.8
0.87948084	45634380.0	0.9912	4404650.5
0.87948084	45363164.0	0.9844	4625935.5
0.8807169	45010384.0	0.988	2629129.0
0.8844252	44800356.0	0.9924	2706758.5
0.8856613	45191764.0	0.9904	2582468.5
0.8844252	44745330.0	0.99	3195029.5
0.88504326	43979044.0	0.9928	2528924.8
0.88627934	43965856.0	0.9912	3162917.5
0.88318914	44767360.0	0.99	2588841.5
0.88133496	44915250.0	0.992	3084075.8
0.8825711	44209172.0	0.9904	2818121.0
0.8838072	44234530.0	0.9904	3314358.2
0.87824476	45333824.0	0.988	2910871.2
0.8807169	44866092.0	0.9916	3362180.2
0.87824476	45540084.0	0.99	2724899.5
0.87824476	46380150.0	0.984	3018675.5
0.881953	45565492.0	0.9928	4642556.0
0.8788628	45256164.0	0.9908	3454319.0
0.881953	44402664.0	0.9932	4814002.0
0.8838072	43693460.0	0.9944	2771460.0
0.88133496	43959070.0	0.9948	2948646.0
0.87948084	45076364.0	0.9884	3043733.2
0.87824476	46412840.0	0.9824	4753516.0
0.87948084	45103784.0	0.9924	4975788.5
0.8825711	45552104.0	0.988	4260741.5
0.88133496	45061696.0	0.9884	3526099.2
0.8807169	44736020.0	0.9908	3317617.2
0.8751545	47086830.0	0.9752	2499623.5
0.8825711	43965556.0	0.992	6931579.0
0.8800989	44680030.0	0.9812	4358924.5
0.8825711	44223044.0	0.99	3706582.8
0.8807169	46475490.0	0.9868	4581922.0
0.8800989	45867864.0	0.9876	4828048.0
0.88318914	45034316.0	0.9888	6273940.5
0.8788628	45693116.0	0.9876	3934159.8
0.881953	45046456.0	0.99	4488114.5
0.8751545	44926224.0	0.9916	2768674.8
0.87948084	46346336.0	0.9864	2488224.0
0.8807169	43362310.0	0.9912	3172889.5
0.88133496	43420852.0	0.988	2983608.0
0.8825711	43569870.0	0.9856	3499586.8
0.88318914	43847710.0	0.9888	4665055.0
0.88318914	44583430.0	0.9948	2581530.5
0.8800989	44728400.0	0.9892	2786422.2
0.8770087	44753868.0	0.9904	4407995.0
0.8825711	44713516.0	0.988	2652003.8
0.88133496	44248724.0	0.994	2669205.5
0.881953	43993010.0	0.9924	4555507.5
0.8838072	44785190.0	0.9932	2517177.0
0.88318914	43877880.0	0.9952	2848826.2
0.88133496	44070668.0	0.9944	2657138.2
0.88133496	44396372.0	0.9916	2749656.0
0.88133496	44432736.0	0.994	4653909.5
0.881953	44464640.0	0.996	2681798.2
0.8800989	44618636.0	0.9956	3801081.5
0.87948084	45099268.0	0.9948	3718119.0
0.881953	44692090.0	0.9928	2840589.8
0.8776267	44199524.0	0.9928	2863525.0
0.87948084	43997684.0	0.9944	4421427.0
0.8776267	44380348.0	0.9932	2694083.5
0.8807169	44919116.0	0.9832	2811950.0
0.8844252	44634170.0	0.994	3839215.5
0.8825711	43698012.0	0.9952	4131574.5
0.8844252	43941508.0	0.9908	2468736.2
0.8844252	44194380.0	0.9896	3075116.5
0.8844252	44272536.0	0.9972	2642577.5
0.8825711	44297764.0	0.998	2588429.5
0.88133496	44564380.0	0.992	3135185.8
0.8776267	45134350.0	0.992	2474926.2
0.8807169	44601740.0	0.994	2588594.5
0.881953	43899770.0	0.9968	2729260.8
0.88318914	43705450.0	0.9964	2541742.2
0.88504326	43835732.0	0.9908	4208238.0
0.88318914	44174864.0	0.9952	2534184.2
0.8807169	44451660.0	0.996	2580983.5
0.87948084	44706010.0	0.9956	2538250.8
0.8788628	44397056.0	0.9948	2524167.5
0.8788628	44269452.0	0.994	3779004.5
0.8788628	44485670.0	0.9892	2754827.5
0.8788628	44706164.0	0.9928	3799052.0
0.8807169	44842680.0	0.9964	2680759.0
0.881953	45097610.0	0.9956	2653993.2
0.8825711	45062580.0	0.9956	2554593.2
0.881953	44963856.0	0.9952	2766494.0
0.88133496	44777960.0	0.9944	2805201.0
0.88318914	44597990.0	0.9968	2755421.5
0.8825711	44148332.0	0.9948	2507475.0
0.8838072	43760344.0	0.998	2515210.0
0.88133496	43604028.0	0.9968	3803585.2
0.88318914	43786620.0	0.9972	2655376.5
0.8838072	43890988.0	0.9972	2525397.0
0.8868974	44084892.0	0.996	2569640.2
0.8825711	44220950.0	0.9968	2451049.0
0.8825711	44162064.0	0.9968	2652456.2
0.8844252	44006660.0	0.9976	2610006.2
0.88318914	43662636.0	0.9976	2439946.8
0.88627934	43351324.0	0.9976	2505144.0
0.88504326	43282776.0	0.996	2735893.8
0.8856613	43285332.0	0.998	2378752.0
0.8844252	43309244.0	0.9968	2599912.0
0.8856613	43336704.0	0.9968	5015426.0
0.8844252	43616496.0	0.996	2576650.5
0.88133496	43955452.0	0.9952	2370741.8
0.88133496	43673680.0	0.9964	2801800.8
0.8856613	43658356.0	0.998	2617616.5
0.88318914	43914480.0	0.9988	3549499.0
0.8844252	44189896.0	0.9964	2852273.5
0.88504326	44457504.0	0.9952	2448159.5
0.88318914	44021290.0	0.9988	2480259.2
0.88318914	43925332.0	0.998	2432279.2
0.8825711	43920936.0	0.9992	2381954.5
0.881953	44283170.0	0.9992	2560762.2
0.87948084	44885320.0	0.994	2518706.0
0.8807169	45173628.0	0.994	2587215.8
0.8800989	44942212.0	0.998	2410364.0
0.881953	44286050.0	0.9964	2560762.5
0.88133496	44094850.0	0.9928	2438082.5
0.88133496	43931784.0	0.9912	2616174.5
0.87948084	43752120.0	0.9972	2404821.5
0.8800989	43947890.0	0.9976	2757568.8
0.87948084	44724572.0	0.9932	2490223.8
0.8807169	44722530.0	0.9952	2475792.5
0.8825711	43831300.0	0.9988	2461057.5
0.881953	43731804.0	0.9976	3555097.0
0.88318914	43956436.0	0.9984	2479990.8
0.8838072	44097580.0	0.9984	2391108.8
0.8825711	44320764.0	0.9968	2536557.2
0.8807169	44725388.0	0.998	3489123.5
0.8807169	44916620.0	0.9964	2394757.5
0.8788628	44853890.0	0.9976	2530600.2
0.8807169	44674670.0	0.9988	2431588.2
0.8825711	44695270.0	0.9956	2497466.8
0.88133496	44971150.0	0.994	2438354.8
0.88133496	43927052.0	0.9984	3534252.0
0.8825711	44025336.0	0.9932	2382685.5
0.8838072	44491804.0	0.992	3638977.0
0.8838072	44507692.0	0.9968	2771286.0
0.87824476	45285564.0	0.9896	2438417.5
0.8825711	43796560.0	0.9932	2698923.8
0.88133496	43876292.0	0.9928	2413647.8
0.8825711	44425540.0	0.9896	3670332.5
0.88133496	44357320.0	0.9964	2644665.5
0.8770087	44981160.0	0.9904	3800540.0
0.87824476	46578836.0	0.9864	2411252.8
0.8770087	44797416.0	0.9976	3923358.5
0.8788628	46557620.0	0.9736	4676502.5
0.8825711	44333452.0	0.9972	3547190.5
0.88318914	46196548.0	0.9884	2380269.2
0.8856613	44376176.0	0.9932	2969011.5
0.88504326	44183930.0	0.9836	2607135.2
0.88875157	43248732.0	0.994	2978496.5
0.8844252	43936876.0	0.994	2589780.0
0.88504326	45786940.0	0.984	3636507.5
0.88504326	43732148.0	0.9972	3008080.5
0.88627934	43130084.0	0.9952	2408249.8
0.88627934	43981376.0	0.988	2423354.2
0.88504326	43153360.0	0.9932	4613153.0
0.88133496	43743800.0	0.9972	2520356.8
0.8800989	44806050.0	0.9868	2545028.2
0.87824476	43616730.0	0.994	2560366.2
0.8868974	42640788.0	0.9968	2463828.8
0.8825711	42594970.0	0.996	2356624.0
0.8893696	42437756.0	0.9976	2701782.5
0.8868974	42655244.0	0.9996	2341330.0
0.8875154	42849956.0	0.9972	2520174.8
0.8844252	43039780.0	0.9984	2339013.0
0.8825711	43106480.0	0.9948	3738074.8
0.88504326	43211136.0	0.9968	2380748.8
0.8856613	43336656.0	0.9992	2333512.0
0.8856613	43363680.0	0.9972	2431729.0
0.88627934	43299676.0	0.998	2431873.0
0.8856613	43241356.0	0.9976	2573383.5
0.88504326	43241560.0	0.9984	2395130.0
0.88504326	43272236.0	0.9984	3543914.0
0.88504326	43235420.0	0.9984	2394887.5
0.88504326	43191610.0	0.9992	2532626.8
0.8844252	43125170.0	0.998	2390904.0
0.8838072	43115052.0	0.9988	3357420.8
0.88318914	43166308.0	0.9964	3592744.2
0.8825711	43238110.0	0.998	2379659.0
0.8838072	43329076.0	0.9972	3568716.5
0.8825711	43346028.0	0.998	2347597.0
0.8838072	43445108.0	0.9988	3338120.0
0.88318914	43409370.0	0.9968	3401753.8
0.88318914	43378884.0	0.998	3388221.0
0.88627934	43304228.0	0.9988	2337390.5
0.88627934	43260748.0	0.9976	3333949.5
0.88504326	43334824.0	0.9988	2370663.8
0.8844252	43427412.0	0.9992	2313122.5
0.8844252	43341908.0	0.9992	2437406.0
0.8868974	43252076.0	0.9992	2338837.5
0.8868974	43239508.0	0.9996	2412045.0
0.88504326	43268544.0	0.9984	2359371.0
0.8844252	43271784.0	0.9992	2311108.5
0.8838072	43221544.0	0.9992	2336740.2
0.8838072	43174890.0	0.998	2347388.2
0.88318914	43168776.0	0.9992	2403976.2
0.88133496	43196350.0	0.998	2318023.5
0.8825711	43241584.0	0.9992	3257560.2
0.8825711	43275028.0	0.9984	2320809.8
0.88318914	43374540.0	0.9992	2358694.0
0.8825711	43782130.0	0.9992	2316889.5
0.8807169	43937780.0	0.998	2367818.5
0.8807169	44082756.0	0.9996	2305426.8
0.8788628	44045390.0	0.9992	2350962.2
0.8800989	44000388.0	0.9972	4180788.0
0.881953	43993540.0	0.9992	2305927.0
0.88318914	43951736.0	0.9988	4148581.2
0.88318914	43654880.0	0.9992	2331701.2
0.8825711	43470812.0	0.9976	2563819.0
0.88133496	43420230.0	0.9988	3377761.0
0.8807169	43415960.0	0.9996	2301247.5
0.8800989	43641600.0	0.9972	4957625.0
0.8800989	43298090.0	0.9976	2447772.5
0.8856613	43048772.0	0.9988	2427850.0
0.8838072	42640180.0	0.9952	2429554.8
0.8856613	42463396.0	0.9972	3313303.8
0.88627934	42504364.0	0.9948	3310564.2
0.8868974	42715140.0	0.9976	2425609.8
0.88318914	42987210.0	0.9984	2392945.5
0.8825711	43608016.0	0.996	2329443.2
0.8807169	43544932.0	0.9988	2420038.2
0.8807169	43722550.0	0.9964	2366858.8
0.87948084	44216972.0	0.9924	4936094.0
0.8800989	44448776.0	0.9928	2313124.5
0.881953	44098548.0	0.9948	2532241.5
0.88318914	45496748.0	0.986	4157172.0
0.8825711	44588784.0	0.9944	3188876.2
0.87453645	50141116.0	0.966	2375826.8
0.88133496	46210532.0	0.968	5068169.5
0.8763906	48934350.0	0.9644	3993460.8
0.88504326	44760828.0	0.9804	6636277.0
0.8763906	46798170.0	0.9732	3224649.8
0.8881335	43152680.0	0.9824	4304675.0
0.88318914	47154900.0	0.964	3039141.0
0.88875157	42975692.0	0.998	4626258.5
0.87144625	52512956.0	0.9528	2471498.0
0.8844252	44665296.0	0.978	5602375.0
0.8838072	46333396.0	0.962	4380710.0
0.8825711	43714360.0	0.9904	5425002.0
0.8603214	55259864.0	0.9348	2597703.0
0.8695921	54557490.0	0.942	9195849.0
0.8800989	49604116.0	0.9592	9374419.0
0.8529048	60030264.0	0.9284	6755342.5
0.8924598	44337148.0	0.9828	12857236.0
0.8695921	53911864.0	0.9408	4235018.0
0.8893696	42473412.0	0.9848	9943347.0
0.84672433	62247040.0	0.9144	2776070.0
0.8646477	57696276.0	0.9304	16409379.0
0.8652658	59388804.0	0.9388	12889439.0
0.8708282	53816100.0	0.95	18311606.0
0.8578492	55393384.0	0.9244	7241763.0
0.8720643	55737708.0	0.9452	11398005.0
0.8634116	58632604.0	0.9368	12288328.0
0.88133496	49196068.0	0.9652	14695716.0
0.82014835	78236380.0	0.886	5085057.0
0.8436341	73835200.0	0.896	24681630.0
0.8275649	83543530.0	0.8848	26586854.0
0.8695921	54133996.0	0.9504	35586988.0
0.75463533	119069910.0	0.8068	8887144.0
0.74845487	143068020.0	0.7816	57396670.0
0.8275649	103041920.0	0.8812	81133800.0
0.81829417	84234824.0	0.8732	55214440.0
0.7527812	115529160.0	0.8104	29817412.0
0.79789865	123280200.0	0.8384	53146496.0
0.7904821	137935420.0	0.826	61015370.0
0.87144625	69063640.0	0.9252	72962860.0
0.7014833	171488740.0	0.7196	23021432.0
0.7181706	191479520.0	0.7372	118035960.0
0.79666257	145876900.0	0.8372	129761190.0
0.7997528	127315496.0	0.8376	88449656.0
0.7447466	134589620.0	0.7936	68812520.0
0.77194065	138998020.0	0.812	74557990.0
0.79913473	126487330.0	0.8492	76641064.0
0.86650187	80408200.0	0.914	67330780.0
0.7113721	175719620.0	0.7328	31437828.0
0.89802223	63167428.0	0.9392	120250140.0
0.7224969	187756830.0	0.7548	20939890.0
0.86897403	77487336.0	0.9156	117644100.0
0.8325093	90258620.0	0.8924	31842046.0
0.7948084	132653170.0	0.8584	35393948.0
0.8603214	89949870.0	0.908	71158344.0
0.8603214	75518710.0	0.924	40002230.0
0.8393078	91338330.0	0.8844	30384322.0
0.8584672	86809320.0	0.9064	39530548.0
0.8578492	74755330.0	0.9184	35441510.0
0.8739184	63150776.0	0.9136	32526044.0
0.87268233	68325860.0	0.9152	24080398.0
0.8671199	65504590.0	0.9252	34686600.0
0.8485785	67894550.0	0.8972	22844500.0
0.8436341	70767480.0	0.92	23515536.0
0.881953	60083520.0	0.9448	22659668.0
0.88627934	55556652.0	0.9348	16219397.0
0.86402965	63929000.0	0.9024	17393734.0
0.88627934	55420120.0	0.9444	23906350.0
0.8844252	52978604.0	0.9476	15352911.0
0.8652658	56967350.0	0.914	14737220.0
0.85970336	56022530.0	0.9132	17897368.0
0.8807169	51615988.0	0.9568	13121669.0
0.8974042	51781160.0	0.9516	10988999.0
0.89802223	49453308.0	0.9556	11685442.0
0.9011125	46456910.0	0.9688	9699924.0
0.89678615	47518196.0	0.9568	10254246.0
0.8906057	48565124.0	0.9592	8267828.5
0.89369595	44927856.0	0.964	9274487.0
0.90173054	42799970.0	0.9668	7144869.0
0.90173054	44831690.0	0.9676	6486860.5
0.894314	46019336.0	0.9684	6981076.0
0.8893696	44643024.0	0.964	9845990.0
0.8875154	47059464.0	0.9668	6284081.0
0.8961681	45101264.0	0.974	7567324.0
0.8955501	46790364.0	0.9708	5217615.5
0.8992583	44245410.0	0.9664	8313680.5
0.8998764	42120190.0	0.9792	6006037.5
0.8961681	43747628.0	0.9756	3906900.0
0.894314	43501900.0	0.9792	5000211.5
0.9029666	40244748.0	0.984	6489145.0
0.90049446	41473372.0	0.984	3654079.2
0.894314	42582240.0	0.9744	3518147.0
0.89493203	43094376.0	0.9792	5010824.5
0.8955501	42306760.0	0.9844	5499751.5
0.8986403	41016332.0	0.9888	3463393.8
0.8992583	40403056.0	0.988	4957059.5
0.90729296	40050044.0	0.9852	4743650.0
0.9023486	40446404.0	0.988	4715579.0
0.9023486	41503040.0	0.9864	4661102.0
0.8992583	42867116.0	0.9828	3322233.8
0.8992583	42170508.0	0.9828	4142533.8
0.9023486	40300070.0	0.988	3430392.0
0.9042027	39125110.0	0.9904	4082643.8
0.90543884	38723104.0	0.9928	4188206.2
0.9029666	38763908.0	0.9924	3013089.2
0.90049446	39000890.0	0.9924	3744433.2
0.9011125	39172452.0	0.9928	4146613.0
0.8998764	39274540.0	0.9912	3231107.5
0.90173054	39853068.0	0.9916	2904827.0
0.89802223	41015030.0	0.9932	2755103.8
0.90173054	40909236.0	0.988	3425321.0
0.90358466	39836570.0	0.9912	3320145.5
0.90482074	39046668.0	0.9944	2650426.5
0.9042027	38675772.0	0.9968	2574666.2
0.90482074	38481184.0	0.9936	2771838.0
0.9029666	38623416.0	0.9924	2729849.8
0.9029666	38769424.0	0.9928	4088909.0
0.90049446	39449400.0	0.9944	2519602.2
0.8992583	40005744.0	0.9924	4540845.5
0.90173054	39602292.0	0.9928	2910434.0
0.9029666	39011730.0	0.996	2500543.2
0.9029666	38698468.0	0.994	2585182.2
0.9042027	38590776.0	0.9956	2547311.2
0.9023486	38589356.0	0.996	2689379.0
0.90173054	38633420.0	0.9976	2550734.8
0.90173054	38624870.0	0.9956	2549761.2
0.9011125	38345004.0	0.9976	2463165.0
0.9023486	38373344.0	0.9972	4321465.5
0.9029666	38168540.0	0.996	2615207.0
0.90358466	37997456.0	0.9968	2424888.2
0.9029666	37903664.0	0.9968	3355606.0
0.9023486	37984930.0	0.9976	2484330.0
0.9011125	38126508.0	0.9972	3212398.2
0.90173054	38366450.0	0.9984	2509651.8
0.9042027	38649020.0	0.996	3279290.2
0.90173054	38892890.0	0.9956	2498752.0
0.8998764	38943172.0	0.998	2508502.0
0.8992583	38940308.0	0.9984	2342878.2
0.8998764	38917936.0	0.9968	2470024.5
0.8986403	38906508.0	0.9952	2715313.2
0.8974042	38940216.0	0.9968	2534306.0
0.89802223	38902450.0	0.998	2433019.8
0.89802223	38879180.0	0.9976	2543433.0
0.8974042	38904004.0	0.9984	3181905.0
0.89678615	38974624.0	0.9976	2538242.8
0.8992583	39048852.0	0.9972	2449757.5
0.90049446	38895850.0	0.9964	2531116.8
0.90049446	38548212.0	0.9972	2563508.5
0.9011125	38494230.0	0.998	3940097.2
0.8998764	38545236.0	0.9976	3238586.5
0.9011125	38773644.0	0.998	2569859.2
0.8986403	39121756.0	0.9984	3277731.8
0.8992583	39273520.0	0.9952	2424265.2
0.9011125	39627500.0	0.996	2518307.8
0.90358466	39366056.0	0.9972	2548024.5
0.90482074	39244790.0	0.998	2384539.8
0.90358466	38790668.0	0.9984	2396490.8
0.9029666	38530416.0	0.998	2476753.0
0.9011125	38465050.0	0.9976	2370208.2
0.90173054	38444804.0	0.9988	2441931.2
0.90049446	38407612.0	0.9944	2555484.5
0.8992583	38567776.0	0.9976	2468058.5
0.90049446	38776724.0	0.9988	2378816.2
0.90173054	39009936.0	0.9984	2346766.2
0.9011125	39236610.0	0.9984	2334903.5
0.90173054	39579504.0	0.998	2437965.5
0.8974042	39960050.0	0.9988	2339962.8
0.8974042	40144268.0	0.9972	2356790.5
0.89802223	39814400.0	0.9984	2380210.2
0.9011125	39429700.0	0.9968	2474545.5
0.9011125	39075710.0	0.998	2374071.0
0.8998764	38824024.0	0.9996	2319451.2
0.8998764	38650670.0	0.9984	3036222.5
0.9029666	38593230.0	0.9996	2333034.8
0.9023486	38619696.0	0.9996	2320202.5
0.9011125	38674616.0	0.9992	2320847.8
0.90049446	38828340.0	0.9988	2338345.8
0.90049446	38964588.0	0.9984	2423578.8
0.90173054	38993460.0	0.9984	2450190.2
0.9023486	39142950.0	0.9992	3001453.2
0.90173054	39247220.0	0.9992	2332589.5
0.90173054	39202516.0	0.9992	2325988.2
0.90049446	39213884.0	0.9996	2986661.0
0.8998764	39120708.0	0.9988	2390458.2
0.90049446	38891410.0	0.9996	2321172.8
0.9011125	38638480.0	0.9984	2331840.2
0.90173054	38446004.0	0.9988	2373200.5
0.9023486	38284308.0	0.9996	2308734.8
0.8992583	38404710.0	0.9988	2376836.8
0.8998764	38585220.0	0.9992	2311855.2
0.90049446	38849944.0	0.9988	2309861.2
0.8986403	38830080.0	0.9984	2334963.0
0.90049446	38644900.0	0.9988	2375053.2
