Validation Accuracy	Validation Loss	Training Accuracy	Training Loss
0.038318913	20178776.0	0.0376	10449.931
0.038318913	111356070000.0	0.0472	20406842.0
0.01606922	140861520000.0	0.0192	103137230000.0
0.038318913	12376895000.0	0.0408	141206000000.0
0.031520396	17001649000.0	0.0288	12088288000.0
0.033992585	34271021000.0	0.0376	17234457000.0
0.038318913	326452050000.0	0.044	33503805000.0
0.03275649	81487905000.0	0.0304	321458630000.0
0.0024721879	77647815000.0	0.0016	80203310000.0
0.01606922	119389176000.0	0.0256	77519970000.0
0.037082817	248433330000.0	0.0368	118123410000.0
0.0024721879	285191540000.0	0.0072	238903430000.0
0.11681088	49320430000.0	0.1184	281692930000.0
0.038318913	842852700000.0	0.0448	48444015000.0
0.033992585	133616750000.0	0.0488	809895700000.0
0.042027194	185762300000.0	0.0544	134230114000.0
0.0074165636	71858340000.0	0.0112	200757100000.0
0.0024721879	846449930000.0	0.0032	71750280000.0
0.017305315	177165240000.0	0.02	829368300000.0
0.008652657	93985100000.0	0.0072	174359360000.0
0.039555006	403227400000.0	0.0552	96062235000.0
0.01606922	639128630000.0	0.0112	392922040000.0
0.06118665	890798150000.0	0.0648	624220050000.0
0.107540175	280483700000.0	0.1024	940440200000.0
0.038318913	3719158600000.0	0.0424	293345720000.0
0.015451174	472198770000.0	0.02	3632757200000.0
0.0074165636	371891600000.0	0.0072	474485130000.0
0.038318913	792074800000.0	0.0408	367296580000.0
0.039555006	146987580000.0	0.0416	787490800000.0
0.02039555	310904420000.0	0.012	141311210000.0
0.05500618	82854580000.0	0.056	311883170000.0
0.003090235	344291770000.0	0.0064	81632990000.0
0.02657602	191556680000.0	0.0216	341925070000.0
0.037082817	191509360000.0	0.044	183605950000.0
0.016687268	264276790000.0	0.0144	193332670000.0
0.042027194	232805550000.0	0.048	266945990000.0
0.00803461	280335970000.0	0.016	230053300000.0
0.031520396	159253000000.0	0.0288	283141670000.0
0.040173054	219253870000.0	0.0344	163326750000.0
0.012978987	211296340000.0	0.0088	219080700000.0
0.042645242	285114800000.0	0.048	208797340000.0
0.039555006	233590060000.0	0.0368	279519170000.0
0.016687268	158716620000.0	0.0136	228904470000.0
0.013597033	283307670000.0	0.0152	160984630000.0
0.06922126	71218954000.0	0.072	287026380000.0
0.017305315	274850270000.0	0.028	74276340000.0
0.05747837	191882330000.0	0.0656	266375610000.0
0.03275649	283735950000.0	0.0344	194177910000.0
0.042027194	103027410000.0	0.056	279342020000.0
0.062422745	66845348000.0	0.0712	98114240000.0
0.09456119	35862413000.0	0.0976	64030896000.0
0.058096416	57247390000.0	0.0728	35676074000.0
0.07601978	42696417000.0	0.0616	59276177000.0
0.066131026	33639733000.0	0.0784	41106797000.0
0.056242276	30604902000.0	0.0512	32931672000.0
0.07911001	40597692000.0	0.0704	33199647000.0
0.05253399	44166857000.0	0.0528	40908423000.0
0.050061803	31006706000.0	0.044	45767606000.0
0.06365884	52669510000.0	0.0656	31588106000.0
0.058096416	36281123000.0	0.0648	53424394000.0
0.021013597	69595500000.0	0.0208	35987177000.0
0.033992585	43881095000.0	0.0288	67820180000.0
0.013597033	56871190000.0	0.0096	44327064000.0
0.09888752	32623395000.0	0.116	57102905000.0
0.10197775	48165100000.0	0.0992	33710907000.0
0.10630408	34485006000.0	0.1024	48796100000.0
0.14524104	17608360000.0	0.12	34363310000.0
0.08776267	21061510000.0	0.0928	17987852000.0
0.09579728	21654210000.0	0.0864	21124108000.0
0.13164401	14011856000.0	0.1168	20631183000.0
0.13597034	15151057000.0	0.12	14719276000.0
0.18974042	13202587000.0	0.1856	15657140000.0
0.17861557	10495907000.0	0.2008	13535805000.0
0.15636589	9126040000.0	0.152	10734702000.0
0.1223733	10142396000.0	0.1384	9059142000.0
0.1526576	8311801000.0	0.1512	10289418000.0
0.20024721	7064522000.0	0.192	8298030000.0
0.30037084	5369935400.0	0.2816	7325730300.0
0.30469716	5109444600.0	0.32	5359880700.0
0.29233623	5948358700.0	0.3104	5044003300.0
0.32385662	5132194000.0	0.3296	5950233000.0
0.3275649	4276780300.0	0.3368	5098340000.0
0.30469716	4131054300.0	0.3176	4246807800.0
0.3250927	3990534000.0	0.3376	4202698500.0
0.34672436	3392961300.0	0.352	4061259500.0
0.36402968	2618677500.0	0.372	3365627000.0
0.36155748	2435527400.0	0.4144	2282321400.0
0.40358466	1862410000.0	0.4472	2285592300.0
0.4171817	1899163100.0	0.4368	1728889900.0
0.4264524	1663532900.0	0.4256	1894380700.0
0.4301607	1641045100.0	0.476	1545268600.0
0.45055625	1598748400.0	0.44	1653721900.0
0.49629173	1328699900.0	0.4976	1682684000.0
0.49011126	1240693600.0	0.508	1407523200.0
0.47033376	1278506000.0	0.4616	1273792300.0
0.49258342	1109036500.0	0.5104	1171330000.0
0.47156984	1118875600.0	0.492	1055387300.0
0.44808406	1106627000.0	0.4976	982571400.0
0.51483315	919899260.0	0.5136	1089277600.0
0.5278121	907268300.0	0.5328	869581250.0
0.53522867	816705860.0	0.5536	910875140.0
0.5723115	716708300.0	0.5688	883604500.0
0.5865266	716915100.0	0.5504	788240900.0
0.57045734	719282900.0	0.564	695125100.0
0.5667491	682940000.0	0.5744	750776260.0
0.5716934	654182140.0	0.5552	675939650.0
0.578492	599278460.0	0.5808	672358460.0
0.60197777	538203200.0	0.6264	517533380.0
0.6143387	524772000.0	0.6128	497985570.0
0.6236094	510839680.0	0.628	503400320.0
0.6396786	479109220.0	0.6392	422369120.0
0.6211372	470339840.0	0.644	382603230.0
0.6266996	457911800.0	0.6616	430553540.0
0.6384425	422225730.0	0.6544	409088300.0
0.6229913	419422140.0	0.6376	347000200.0
0.6236094	418268220.0	0.652	285133860.0
0.6347342	406679200.0	0.6568	385504130.0
0.6514215	382110140.0	0.676	335723900.0
0.68170583	358563300.0	0.708	305816860.0
0.69715697	345826800.0	0.6896	307186080.0
0.70889986	337994400.0	0.6848	306517060.0
0.7045736	322493470.0	0.724	228852600.0
0.71260816	313997200.0	0.7304	263056530.0
0.71631646	305611550.0	0.7512	230195070.0
0.7317676	298115140.0	0.7504	247602400.0
0.7336218	288818050.0	0.764	202133900.0
0.7354759	277296000.0	0.7608	213841540.0
0.7354759	268136880.0	0.7536	197117230.0
0.7342398	264308160.0	0.7672	214334480.0
0.73485786	257217260.0	0.772	210917230.0
0.7410383	254269760.0	0.7744	178981360.0
0.7478368	253855970.0	0.7728	197418740.0
0.74969095	245476160.0	0.7512	194637250.0
0.74845487	241799170.0	0.7776	200196210.0
0.75030905	238126060.0	0.78	181982100.0
0.7558715	233513470.0	0.7624	178865490.0
0.7509271	234650400.0	0.7712	192940700.0
0.74289244	234874260.0	0.7744	158724140.0
0.74660075	227508590.0	0.8008	174034800.0
0.74289244	222626260.0	0.7808	157763780.0
0.73980224	221621820.0	0.7768	146736480.0
0.7410383	218247600.0	0.7792	164101460.0
0.7472188	218340930.0	0.7704	160937570.0
0.75710756	211886020.0	0.7992	158335630.0
0.7608158	207310990.0	0.7712	142002770.0
0.7657602	206640130.0	0.7824	145984340.0
0.7694685	204400860.0	0.7744	158780660.0
0.7700865	202115230.0	0.8096	121533780.0
0.7682324	200562050.0	0.8136	157200960.0
0.77070457	198373440.0	0.8064	142002050.0
0.7750309	195073400.0	0.78	143079340.0
0.7725587	190522830.0	0.7952	138005860.0
0.7781211	188153100.0	0.8144	134042760.0
0.77379483	186669020.0	0.7992	154358460.0
0.7750309	185551520.0	0.8072	117936790.0
0.77564895	184017980.0	0.808	93642730.0
0.77070457	183070020.0	0.7936	136030880.0
0.78059334	180619500.0	0.804	116551910.0
0.7867738	179244370.0	0.8248	96107576.0
0.78615576	175163580.0	0.7936	143221360.0
0.77935725	174587540.0	0.816	111171620.0
0.7855377	173183860.0	0.788	143952720.0
0.7849197	172418770.0	0.824	111831990.0
0.7855377	170049940.0	0.8216	104844770.0
0.7843016	166326640.0	0.8296	86779290.0
0.7781211	167047660.0	0.8144	100374730.0
0.78244746	165500080.0	0.8128	97600760.0
0.7886279	163285950.0	0.8184	119717336.0
0.78244746	158552660.0	0.82	90935550.0
0.7775031	158830940.0	0.82	76136820.0
0.7880099	157277310.0	0.808	123400710.0
0.79666257	157490660.0	0.8312	99707690.0
0.7997528	156677040.0	0.8312	90248780.0
0.80098885	152580600.0	0.8304	94537470.0
0.7948084	153513280.0	0.8216	100243736.0
0.79666257	152475730.0	0.8216	85045250.0
0.79419035	154782800.0	0.8248	73807570.0
0.79913473	152993500.0	0.8288	93037080.0
0.80284303	148121310.0	0.8248	101310750.0
0.7923362	151771090.0	0.8008	86823544.0
0.8090235	146464720.0	0.8216	115100940.0
0.8077874	151548210.0	0.8216	98894280.0
0.8077874	148017120.0	0.8544	98560630.0
0.7948084	145894430.0	0.7944	97179020.0
0.7725587	151871170.0	0.788	113869970.0
0.79789865	145773220.0	0.8304	109784590.0
0.8003708	151226270.0	0.8144	99807430.0
0.8077874	140407120.0	0.8256	99108140.0
0.78924596	142730130.0	0.8184	82996060.0
0.7886279	143158030.0	0.8232	77278570.0
0.8121137	134521730.0	0.8544	90071496.0
0.80840546	136058160.0	0.848	79688504.0
0.8077874	135472580.0	0.8416	71588536.0
0.7886279	140053620.0	0.8176	80621336.0
0.8077874	132287380.0	0.8536	67965650.0
0.802225	136473630.0	0.8384	71421540.0
0.8102596	132315500.0	0.8264	84504940.0
0.79913473	130410430.0	0.8328	72642820.0
0.8040791	126559340.0	0.852	78778480.0
0.80593324	127777180.0	0.8448	63660748.0
0.8016069	128024500.0	0.8464	57067996.0
0.7972806	129313760.0	0.832	93740140.0
0.8016069	126147540.0	0.844	70687810.0
0.8108776	124540030.0	0.8304	74660480.0
0.81334984	122940616.0	0.8584	61689320.0
0.81644005	121728824.0	0.8624	51556090.0
0.8189122	119612800.0	0.8552	66887136.0
0.8176761	119116250.0	0.8344	86226620.0
0.81829417	117852020.0	0.8776	55197716.0
0.82014835	116881176.0	0.876	57023628.0
0.8189122	116250200.0	0.8512	70928360.0
0.8207664	115126550.0	0.8584	54150364.0
0.81334984	116839460.0	0.8344	51691316.0
0.81829417	115740660.0	0.8776	65486748.0
0.81829417	119984536.0	0.84	58567236.0
0.8176761	117160940.0	0.88	55296650.0
0.8139679	114099770.0	0.8472	55652300.0
0.8065513	115441510.0	0.8632	44116692.0
0.8145859	112373960.0	0.8848	52938210.0
0.8195303	112820850.0	0.8568	67730216.0
0.8189122	109724296.0	0.856	59276770.0
0.8145859	109779890.0	0.8696	52254864.0
0.8238566	107467350.0	0.8592	47760468.0
0.8176761	109280340.0	0.8648	53283084.0
0.8195303	106263080.0	0.8632	54857036.0
0.81149566	109110230.0	0.868	53468216.0
0.8263288	106996290.0	0.88	39463390.0
0.8263288	106812820.0	0.8616	53749708.0
0.8263288	104591430.0	0.8656	43588356.0
0.82014835	103776940.0	0.8632	50801384.0
0.8226205	105674170.0	0.8584	60629280.0
0.82509273	104115700.0	0.86	46916704.0
0.83065516	102636830.0	0.8856	43601132.0
0.8331273	102759464.0	0.8768	40689820.0
0.8257108	103138800.0	0.8752	41359620.0
0.829419	101298210.0	0.8736	43247948.0
0.82818294	100329976.0	0.8712	44395516.0
0.83065516	99473896.0	0.8704	46242452.0
0.829419	99257560.0	0.8888	37414030.0
0.82818294	99051410.0	0.8936	43360744.0
0.8257108	99301150.0	0.8752	41146148.0
0.829419	97979520.0	0.8752	50755956.0
0.82818294	98049704.0	0.8736	45009864.0
0.82694685	98383550.0	0.864	39763536.0
0.8312732	98522136.0	0.8744	45631136.0
0.8362176	96416500.0	0.88	49461460.0
0.83189124	96007624.0	0.8984	24505218.0
0.82818294	96722344.0	0.864	37416624.0
0.83065516	95274600.0	0.8912	33073260.0
0.8380717	93727720.0	0.8688	41263300.0
0.8380717	93017350.0	0.8752	54939852.0
0.83374536	93746130.0	0.872	52010550.0
0.8312732	93370470.0	0.8664	43632730.0
0.829419	94324410.0	0.8768	31822916.0
0.8275649	95254130.0	0.8952	31428034.0
0.83374536	93196220.0	0.8656	37618080.0
0.83374536	93431540.0	0.8872	28436268.0
0.83374536	94150460.0	0.8896	37621400.0
0.8325093	95667090.0	0.8816	36886030.0
0.8355995	90014260.0	0.876	45477100.0
0.8145859	93350040.0	0.8616	39353556.0
0.8325093	92657096.0	0.8696	47284540.0
0.83003706	95002190.0	0.8936	39160972.0
0.8448702	87784650.0	0.8728	41958412.0
0.8312732	90445060.0	0.872	33168998.0
0.84177995	87910400.0	0.896	32635696.0
0.8393078	90302840.0	0.8832	38938230.0
0.8461063	85197290.0	0.9096	27881964.0
0.82323855	94414220.0	0.8576	32881446.0
0.83374536	84988340.0	0.8952	40233360.0
0.83189124	90458030.0	0.8664	40104092.0
0.84239805	84729480.0	0.9048	38724264.0
0.8448702	84932990.0	0.888	27504892.0
0.8473424	82506180.0	0.9016	30155280.0
0.8411619	81963750.0	0.8952	35775150.0
0.8343634	84622584.0	0.8928	29176362.0
0.8325093	82178380.0	0.888	32331438.0
0.8473424	80877190.0	0.8912	28057354.0
0.84548825	81922720.0	0.8984	24084630.0
0.8448702	82046350.0	0.892	21451250.0
0.8516687	81462910.0	0.9016	26347200.0
0.84239805	80927930.0	0.8912	28640142.0
0.8430161	80939020.0	0.896	31275060.0
0.84054387	81148776.0	0.896	29556016.0
0.8411619	79321224.0	0.8968	28114754.0
0.8430161	81935230.0	0.9064	31251386.0
0.8498146	83269460.0	0.8872	29085568.0
0.84919655	83013384.0	0.8824	33020726.0
0.84548825	79114580.0	0.9016	33442150.0
0.8479605	79112010.0	0.8984	26203672.0
0.84054387	80525010.0	0.8872	22122852.0
0.84239805	78205960.0	0.8976	26720962.0
0.84425217	80206960.0	0.9128	21513304.0
0.8510507	81154880.0	0.9032	25199454.0
0.84548825	79873070.0	0.892	29018850.0
0.8473424	76711464.0	0.892	26611926.0
0.8535229	77560020.0	0.884	26630304.0
0.8461063	78612000.0	0.8792	29440740.0
0.8529048	76114850.0	0.9088	18586430.0
0.84239805	74876264.0	0.908	25824832.0
0.84177995	76804130.0	0.8944	23313540.0
0.8485785	75786470.0	0.8904	30980354.0
0.8485785	74965336.0	0.9128	22460138.0
0.85228676	73227990.0	0.8936	25491424.0
0.83868974	75969110.0	0.8944	27892236.0
0.8430161	76664770.0	0.8872	29192792.0
0.85043263	73832420.0	0.9016	19737588.0
0.8275649	82033480.0	0.8552	22682788.0
0.85723114	73945980.0	0.908	30464800.0
0.8485785	78304620.0	0.876	18712200.0
0.8535229	71192904.0	0.9072	28501216.0
0.8077874	82919750.0	0.8728	16395980.0
0.84919655	71573930.0	0.9	30906044.0
0.84177995	77412680.0	0.8912	21121552.0
0.8510507	71074350.0	0.9048	29582648.0
0.83374536	75563430.0	0.868	22682046.0
0.8535229	71953630.0	0.908	27472002.0
0.8485785	74491740.0	0.8928	28964890.0
0.8516687	69881384.0	0.9136	19073086.0
0.8393078	72298024.0	0.8792	21867060.0
0.85043263	71935860.0	0.92	20613700.0
0.84548825	74375420.0	0.896	27319586.0
0.84548825	71874390.0	0.9024	22281274.0
0.8529048	69589960.0	0.912	26779818.0
0.85228676	69489960.0	0.9112	21260350.0
0.8578492	67868320.0	0.9248	17017116.0
0.85228676	68643736.0	0.9	24240142.0
0.855377	69092190.0	0.9176	17092598.0
0.85723114	67101210.0	0.9232	20630028.0
0.8485785	68237336.0	0.8912	21964128.0
0.855377	67989800.0	0.9192	20306832.0
0.8516687	69174580.0	0.904	16357209.0
0.84672433	66613348.0	0.8984	19032974.0
0.84425217	67924696.0	0.8992	18405034.0
0.8479605	72376610.0	0.9024	19478538.0
0.85414094	67994250.0	0.908	25709280.0
0.8176761	77552720.0	0.868	16556256.0
0.8238566	84588920.0	0.872	23902358.0
0.83374536	82252750.0	0.8896	33058102.0
0.82447463	79733850.0	0.848	31290750.0
0.85043263	70231496.0	0.9224	35509160.0
0.8430161	74119660.0	0.8928	15107980.0
0.85043263	70293710.0	0.8848	29862582.0
0.8473424	69368264.0	0.8984	16471148.0
0.85970336	65720220.0	0.9192	27758818.0
0.8529048	69179976.0	0.9128	15970463.0
0.8529048	68139330.0	0.9056	16638468.0
0.8516687	66509876.0	0.9064	22602086.0
0.85908526	64289804.0	0.9112	27490520.0
0.86093944	63709796.0	0.912	16946960.0
0.85970336	63126388.0	0.9272	15236894.0
0.85599506	63341980.0	0.92	17732294.0
0.85723114	62956224.0	0.9296	16853586.0
0.8584672	62613740.0	0.9312	16860066.0
0.86402965	62513324.0	0.9224	17649288.0
0.8603214	63700030.0	0.9232	25390856.0
0.854759	63376720.0	0.9216	19132194.0
0.8510507	62717908.0	0.9008	20029250.0
0.8510507	66176276.0	0.9184	17211972.0
0.8535229	63701628.0	0.9152	20875580.0
0.82138443	68658170.0	0.8648	15290049.0
0.85228676	63679024.0	0.9248	22040700.0
0.8535229	66922384.0	0.916	13263256.0
0.8566131	61116944.0	0.9224	20602784.0
0.8226205	67055096.0	0.884	17889574.0
0.86093944	63705984.0	0.924	18186626.0
0.85414094	65376064.0	0.904	15459621.0
0.84548825	64152444.0	0.8896	17572590.0
0.85908526	61886748.0	0.912	20750880.0
0.8529048	64578620.0	0.908	10770325.0
0.86093944	61385564.0	0.9128	26651958.0
0.8658838	59748044.0	0.9216	20261928.0
0.8652658	60360956.0	0.9248	13775318.0
0.8461063	69232510.0	0.9	13184999.0
0.855377	62752796.0	0.9224	27841236.0
0.8263288	68219560.0	0.8664	16716838.0
0.86279356	63671390.0	0.9344	21948798.0
0.82694685	76564430.0	0.8784	14425134.0
0.86279356	59620444.0	0.924	25073148.0
0.7997528	78193690.0	0.8344	19965610.0
0.83189124	71764500.0	0.8704	32386316.0
0.8362176	72982776.0	0.8792	27235184.0
0.855377	62737416.0	0.92	24713174.0
0.7985167	79990780.0	0.8528	19832616.0
0.8399258	71227060.0	0.884	32227102.0
0.8121137	84160300.0	0.852	21554668.0
0.828801	67204056.0	0.8816	38380668.0
0.78059334	87321090.0	0.82	17323580.0
0.789864	105163440.0	0.8168	47456776.0
0.8170581	93052160.0	0.8432	51865764.0
0.82509273	73572330.0	0.8744	41500496.0
0.73300374	102865950.0	0.76	29987880.0
0.7997528	92645660.0	0.8464	58120012.0
0.76205194	111526910.0	0.7944	47886652.0
0.80840546	77344470.0	0.8456	68819510.0
0.7509271	107055230.0	0.7824	32113096.0
0.8380717	78885100.0	0.8504	60415628.0
0.7657602	121640560.0	0.7552	39489268.0
0.85414094	70351410.0	0.9104	69257490.0
0.6959209	127887816.0	0.7112	25385672.0
0.8479605	77677640.0	0.8752	76516790.0
0.7700865	128373590.0	0.7864	32477846.0
0.8615575	64220532.0	0.9112	77840530.0
0.7274413	122817480.0	0.7568	17907196.0
0.8621755	67062240.0	0.924	75668140.0
0.789864	104647290.0	0.8128	20442136.0
0.8498146	76060460.0	0.8808	60568416.0
0.8615575	68777300.0	0.896	30396386.0
0.8053152	86484580.0	0.8512	24393134.0
0.8566131	65570104.0	0.908	49073104.0
0.8380717	80605610.0	0.8664	28540394.0
0.83745366	72783460.0	0.8792	26337312.0
0.8393078	65430660.0	0.9048	25997980.0
0.8498146	67795750.0	0.8768	22022874.0
0.85414094	65540836.0	0.9232	20655502.0
0.8510507	70051820.0	0.9072	19665880.0
0.8393078	75656290.0	0.8776	18582832.0
0.85908526	66281676.0	0.8872	32840582.0
0.8535229	64831616.0	0.892	21562778.0
0.8448702	66288130.0	0.8952	26048618.0
0.85723114	58297536.0	0.924	21742308.0
0.85970336	64564740.0	0.9272	13791519.0
0.8603214	67964130.0	0.92	14741886.0
0.8695921	64521850.0	0.928	17830464.0
0.86402965	58754890.0	0.9232	26932814.0
0.854759	60366484.0	0.9184	14984140.0
0.854759	58637330.0	0.9136	21555512.0
0.8621755	58283452.0	0.9216	13809967.0
0.8658838	59942080.0	0.908	17280830.0
0.85599506	59766904.0	0.912	14184423.0
0.84919655	59695596.0	0.8992	14414150.0
0.8646477	56588390.0	0.9248	15301072.0
0.87577254	54862704.0	0.9384	15830563.0
0.8535229	60644784.0	0.9136	17103470.0
0.84425217	60866348.0	0.9	15045501.0
0.8658838	54964570.0	0.9344	19284894.0
0.855377	55822364.0	0.9104	16030741.0
0.8720643	54371810.0	0.9416	15931109.0
0.8702101	57908930.0	0.928	14371498.0
0.86279356	58679256.0	0.916	15848871.0
0.8733004	53836604.0	0.9256	14601768.0
0.855377	54865784.0	0.9168	16720210.0
0.8671199	53298372.0	0.932	14354976.0
0.87577254	53932680.0	0.9232	12944726.0
0.8739184	54601830.0	0.9384	8449767.0
0.87577254	53343496.0	0.9256	15065848.0
0.8695921	51406624.0	0.9424	12571899.0
0.8702101	52325188.0	0.928	9623223.0
0.86402965	52611770.0	0.9264	11570595.0
0.881953	51854520.0	0.9448	12462701.0
0.8776267	52798188.0	0.9336	12412523.0
0.8708282	54142468.0	0.9328	14066319.0
0.87144625	53509920.0	0.9264	18158524.0
0.86773795	52457600.0	0.9536	7777169.5
0.868356	54180070.0	0.9496	7807670.5
0.8695921	53847924.0	0.9248	14755521.0
0.87453645	52365620.0	0.948	12390126.0
0.87948084	51185520.0	0.9416	12122079.0
0.8776267	51810096.0	0.9432	8085274.5
0.87948084	51604370.0	0.9464	13655616.0
0.87824476	51406012.0	0.9472	9518349.0
0.8807169	50381880.0	0.9376	11962986.0
0.86773795	51025276.0	0.9232	14115743.0
0.8776267	50686476.0	0.9352	11033326.0
0.87268233	51014270.0	0.944	9852996.0
0.8702101	51307750.0	0.9424	8636171.0
0.8702101	50996092.0	0.928	15092590.0
0.8615575	51302700.0	0.9296	11209262.0
0.8720643	50297816.0	0.9416	8105695.5
0.868356	51222180.0	0.9528	14954188.0
0.87144625	50103908.0	0.9504	11403274.0
0.87268233	49389604.0	0.94	10010069.0
0.87453645	49276064.0	0.952	5148546.0
0.8788628	49386830.0	0.9544	6303379.0
0.87948084	50375656.0	0.9424	12698789.0
0.8776267	49547028.0	0.9432	9396199.0
0.8720643	49134350.0	0.9512	11296128.0
0.8702101	49102430.0	0.9328	16100450.0
0.8720643	49085470.0	0.9456	9511283.0
0.8763906	49181750.0	0.9608	7023307.0
0.87577254	48981508.0	0.9552	10073761.0
0.8751545	48700500.0	0.9488	8527163.0
0.8776267	48384908.0	0.9512	7390909.0
0.8733004	48506310.0	0.9296	13875000.0
0.87453645	48457340.0	0.9512	7928927.0
0.8763906	47999500.0	0.944	8642636.0
0.87577254	48719250.0	0.952	7246503.0
0.8720643	48773580.0	0.9464	6793969.5
0.87453645	48272490.0	0.9408	9805134.0
0.8751545	47616370.0	0.9456	8649867.0
0.881953	47020344.0	0.948	6965127.0
0.8770087	48384980.0	0.9408	8163529.5
0.8770087	47844564.0	0.9456	9761943.0
0.87948084	46745376.0	0.9464	7443138.0
0.8776267	47452572.0	0.9456	12552204.0
0.8739184	47928520.0	0.9464	8449504.0
0.87577254	47293044.0	0.9488	8017395.0
0.8807169	46458320.0	0.9584	10806769.0
0.8751545	46595450.0	0.944	5016525.0
0.8788628	46580012.0	0.9488	6533395.5
0.8776267	45892120.0	0.9472	7964717.0
0.87824476	46287864.0	0.9576	8002846.0
0.8788628	46289244.0	0.9448	7531235.0
0.8733004	46218356.0	0.94	10534705.0
0.86773795	46401520.0	0.944	11216514.0
0.8695921	47183704.0	0.9552	6532029.0
0.86773795	47629428.0	0.9504	6301548.0
0.86773795	47162148.0	0.9496	6157578.0
0.86773795	46811220.0	0.9472	7092806.5
0.87453645	46123308.0	0.9424	8760342.0
0.8720643	46591440.0	0.9592	5003746.0
0.8733004	46213800.0	0.9496	7228267.5
0.868356	45896520.0	0.948	6352675.0
0.8652658	45704280.0	0.956	6081712.5
0.86402965	45437324.0	0.9408	10384869.0
0.86897403	45431156.0	0.9528	6770795.5
0.8739184	45328110.0	0.9552	8411625.0
0.8671199	46199390.0	0.9512	9175018.0
0.8695921	46002716.0	0.9608	5671417.0
0.8708282	46065776.0	0.956	5751183.5
0.8708282	46831916.0	0.9504	6192571.0
0.87144625	45512916.0	0.9488	6822452.0
0.86402965	46556972.0	0.9456	8826354.0
0.86897403	46158740.0	0.9352	8564059.0
0.86773795	46234670.0	0.9384	9635758.0
0.86897403	45407776.0	0.9512	5734706.5
0.8702101	45484252.0	0.9536	6179681.5
0.8695921	45334988.0	0.9536	6173159.0
0.87144625	45373436.0	0.9584	6521414.0
0.8671199	45137924.0	0.9496	4590980.5
0.86773795	45024704.0	0.9528	6413376.5
0.8708282	45819480.0	0.9504	6795746.0
0.86897403	46112916.0	0.9552	9472235.0
0.86897403	45093116.0	0.952	6386403.5
0.86279356	45796250.0	0.9384	9091754.0
0.8702101	45422350.0	0.9512	7699813.0
0.8702101	46271372.0	0.9432	4435351.5
0.87453645	44350110.0	0.9632	6141823.5
0.87453645	45270332.0	0.9472	8948917.0
0.8720643	45651860.0	0.9512	6954081.5
0.87577254	44945316.0	0.9624	6061573.5
0.87948084	44368550.0	0.9592	4710667.5
0.8807169	43933160.0	0.9632	6769406.0
0.8720643	44608884.0	0.9472	7240121.5
0.8770087	44461388.0	0.9624	6886719.5
0.87453645	45283068.0	0.96	4282352.0
0.87144625	44231796.0	0.96	7891901.5
0.8603214	46909490.0	0.9296	5771386.0
0.8770087	45531190.0	0.9512	8737484.0
0.87268233	47094948.0	0.936	6889751.5
0.88133496	44432404.0	0.9592	6543825.5
0.8621755	44865720.0	0.9504	3987509.2
0.87577254	43769100.0	0.9576	7069974.5
0.8695921	44501776.0	0.9624	4690149.5
0.8702101	43829524.0	0.9568	8615404.0
0.8658838	43809508.0	0.9424	6124035.5
0.87268233	44688748.0	0.9472	6613985.5
0.8733004	44934750.0	0.9392	7353929.5
0.8751545	43994920.0	0.9528	7183515.5
0.8646477	44142900.0	0.9624	6522185.5
0.85599506	43897524.0	0.9568	5125031.5
0.86897403	43240304.0	0.9536	5239705.0
0.8751545	43224784.0	0.96	6697594.0
0.8751545	43626320.0	0.964	5784212.0
0.87453645	42685620.0	0.9616	7725718.5
0.86773795	42962140.0	0.956	7193593.5
0.8720643	42825200.0	0.9488	6335915.0
0.8776267	42926150.0	0.9664	5894933.5
0.88133496	42396630.0	0.9624	5926571.5
0.8807169	42402572.0	0.9664	6086238.0
0.87824476	42626950.0	0.9664	5334456.5
0.87268233	42781900.0	0.9576	5811561.5
0.8770087	42798964.0	0.96	5170515.5
0.8733004	43027660.0	0.9648	4653061.5
0.87577254	43447296.0	0.9592	6832158.5
0.8739184	43431050.0	0.964	7316023.5
0.87948084	42490212.0	0.96	4696498.0
0.8776267	41713020.0	0.9704	3572947.0
0.87948084	41541760.0	0.9616	4101881.5
0.87453645	42032516.0	0.9576	6562458.5
0.8770087	42197124.0	0.968	6524949.0
0.8739184	41914756.0	0.9632	3910693.2
0.86650187	42209820.0	0.9688	4081113.0
0.86650187	42484344.0	0.9504	4585000.0
0.87144625	42055944.0	0.9664	5110999.5
0.8763906	41998570.0	0.9552	6123835.0
0.8751545	42938636.0	0.956	4979432.5
0.8739184	42574468.0	0.9584	6684295.5
0.8658838	43376240.0	0.9544	5533265.0
0.86402965	44744476.0	0.9504	8441846.0
0.8652658	44297936.0	0.9584	8252578.0
0.8621755	44399052.0	0.9448	5325928.0
0.87268233	43907856.0	0.9512	6409612.5
0.8763906	43835580.0	0.9496	6442819.0
0.8658838	42482704.0	0.9592	5596038.0
0.86093944	42615388.0	0.9432	5805629.0
0.8708282	42178830.0	0.9672	5260670.5
0.87144625	42325984.0	0.964	4838560.0
0.86897403	42301110.0	0.9696	3550822.5
0.86897403	42295564.0	0.9552	4541792.0
0.8702101	42275524.0	0.9528	7968268.5
0.86897403	42060704.0	0.9624	3776419.0
0.868356	42147252.0	0.9648	4301289.5
0.8763906	42035480.0	0.9664	6146407.0
0.8763906	42190348.0	0.9616	7111275.5
0.8776267	42890860.0	0.9464	4553078.5
0.87577254	41972090.0	0.9512	8290799.0
0.86402965	42142080.0	0.944	4982413.0
0.86402965	43894524.0	0.9448	6396971.0
0.86897403	43033680.0	0.9544	7291506.5
0.86897403	42948004.0	0.9464	5028917.0
0.8695921	42590572.0	0.9488	7787752.0
0.87453645	42130764.0	0.9648	3713314.5
0.8739184	42193670.0	0.9584	6337928.0
0.8658838	42277736.0	0.9616	4765033.5
0.86650187	42054200.0	0.9624	5197913.5
0.87453645	42079190.0	0.96	6656127.0
0.87144625	42303976.0	0.96	3722904.2
0.8720643	41616070.0	0.9688	4809079.5
0.868356	41678720.0	0.9592	4041988.0
0.8634116	43381444.0	0.9464	5640558.5
0.87453645	41425444.0	0.9664	6381217.0
0.868356	42429060.0	0.948	4110183.8
0.87268233	42345180.0	0.9624	4313750.0
0.87948084	42199716.0	0.9624	5525173.0
0.87144625	41542084.0	0.9536	3861769.0
0.8652658	42507984.0	0.9456	3649188.8
0.8763906	41249390.0	0.9584	7578724.0
0.8733004	42845812.0	0.9648	3529733.0
0.86897403	43774988.0	0.9552	4699479.5
0.86897403	42843080.0	0.9456	7454186.0
0.86093944	42847496.0	0.9392	5791972.0
0.8634116	42812320.0	0.9464	4822490.5
0.8770087	41561990.0	0.9664	4548745.0
0.8788628	41847428.0	0.956	4874712.0
0.8708282	41541180.0	0.9536	4032144.2
0.8535229	43082896.0	0.9448	5614075.0
0.8646477	42755440.0	0.9376	6963944.0
0.8720643	41346400.0	0.9512	6699693.5
0.86773795	41193044.0	0.948	4649326.0
0.86650187	44295670.0	0.9208	7758799.0
0.8702101	45187300.0	0.9408	5825158.5
0.8695921	42472852.0	0.9576	8361740.5
0.8473424	43295916.0	0.9264	5517780.5
0.8658838	41202096.0	0.9528	6929850.5
0.87453645	43632036.0	0.9576	3176528.8
0.87824476	42436108.0	0.9568	6780898.5
0.8807169	40330610.0	0.9672	4558497.5
0.87824476	39577636.0	0.9656	7066821.5
0.8702101	40661604.0	0.9664	3838695.8
0.8621755	41466244.0	0.964	4676553.0
0.8621755	42183410.0	0.952	4423412.5
0.8751545	40595720.0	0.9688	4374355.0
0.8763906	40850868.0	0.9664	4764766.0
0.8788628	40418280.0	0.956	4412481.0
0.8652658	40898690.0	0.9568	3892407.5
0.8733004	41708572.0	0.9456	4142448.2
0.87824476	39814812.0	0.9712	4460521.5
0.8634116	40526270.0	0.9632	2879332.2
0.8702101	40784404.0	0.9688	4278230.0
0.8800989	40347308.0	0.9736	3801768.8
0.87577254	40162310.0	0.9704	3556372.5
0.8708282	39853416.0	0.9688	3944900.2
0.8695921	40026390.0	0.964	3484026.0
0.868356	40181068.0	0.9648	3664380.8
0.87144625	40701036.0	0.9624	4836107.0
0.87577254	40869270.0	0.964	3066606.5
0.86897403	40676224.0	0.9672	4024008.0
0.86279356	40812644.0	0.9664	3927360.0
0.86773795	40735430.0	0.9728	3588624.8
0.87577254	41308156.0	0.9712	4409644.5
0.8751545	39954010.0	0.9656	3793536.2
0.8800989	39832068.0	0.9688	4540119.0
0.8733004	40188964.0	0.972	2961086.8
0.86773795	41074264.0	0.9576	4013545.0
0.86897403	40533572.0	0.9688	4153580.2
0.8702101	40636784.0	0.9704	2555217.0
0.8702101	40349790.0	0.9624	5602627.0
0.8763906	40344530.0	0.9656	3001419.5
0.8763906	39779724.0	0.9688	5851645.5
0.8733004	39520268.0	0.9728	4323545.0
0.87577254	39975868.0	0.9712	3829104.8
0.87268233	40222628.0	0.9688	4258450.0
0.86773795	41485836.0	0.9616	3464269.0
0.8733004	40259084.0	0.972	5171520.5
0.86897403	42038700.0	0.9536	3857031.2
0.86773795	40881910.0	0.9536	4094587.0
0.8733004	40784984.0	0.9696	4708011.0
0.87144625	42080344.0	0.9584	2854735.2
0.8788628	40130196.0	0.9768	4050101.5
0.8615575	40344036.0	0.9632	2408757.8
0.8646477	40689630.0	0.9736	6346094.0
0.8751545	40828676.0	0.9552	4887685.0
0.87144625	39995892.0	0.9656	4825167.5
0.8751545	39531652.0	0.9744	4631231.5
0.8770087	39737130.0	0.9688	3680281.8
0.87144625	39886076.0	0.9664	6168178.5
0.8671199	40358724.0	0.9624	4466233.0
0.87144625	40025730.0	0.9688	3487289.8
0.8739184	41208650.0	0.9568	3399843.8
0.8763906	40114536.0	0.9616	5297524.0
0.8578492	41542400.0	0.9344	4089969.5
0.87144625	39643096.0	0.9784	5648824.5
0.8652658	42236084.0	0.952	3300970.8
0.86897403	39889188.0	0.9752	4724998.5
0.86650187	40481476.0	0.956	3278753.2
0.8788628	39859180.0	0.9712	4990082.5
0.8788628	40940764.0	0.9648	3814192.2
0.8702101	40286096.0	0.964	3986072.2
0.8733004	40216772.0	0.96	4336356.0
0.87268233	40827620.0	0.9592	6176463.5
0.87268233	40699420.0	0.9776	3331613.8
0.87577254	39611812.0	0.9768	3856042.0
0.88133496	41024412.0	0.9576	3920878.8
0.87577254	40348172.0	0.9688	4766383.5
0.8621755	40979964.0	0.9536	4851795.5
0.8708282	40397320.0	0.9688	3353193.8
0.87824476	40144724.0	0.9768	3038840.5
0.87824476	40185400.0	0.9712	4108798.2
0.87268233	39401284.0	0.9568	5857797.5
0.87144625	39814332.0	0.9648	2897753.5
0.8763906	40051980.0	0.964	3622377.5
0.87453645	40454244.0	0.9664	2453348.8
0.8529048	41509490.0	0.9416	4668708.5
0.88133496	40315540.0	0.9624	5920185.0
0.8776267	43348950.0	0.9552	3635339.2
0.8800989	39455132.0	0.9664	4952109.5
0.8380717	45794588.0	0.9072	4458466.0
0.8788628	38801960.0	0.9728	7710662.5
0.8733004	42629108.0	0.9352	4072173.5
0.8770087	38524572.0	0.9744	6426383.5
0.85228676	42926160.0	0.9152	3180392.0
0.87453645	42766184.0	0.9448	8412828.0
0.868356	46181110.0	0.9312	5660824.0
0.8733004	42213012.0	0.9584	9108933.0
0.83065516	49383668.0	0.8856	3664504.0
0.8733004	42833304.0	0.9432	8812805.0
0.8448702	53813668.0	0.9	3907523.0
0.8479605	46229460.0	0.9248	12318610.0
0.85228676	49098824.0	0.9216	7675615.5
0.86402965	51128304.0	0.9232	10812671.0
0.8516687	55270924.0	0.8992	9342118.0
0.82818294	51831148.0	0.8976	15244167.0
0.86650187	44319252.0	0.9392	12505805.0
0.8788628	44789624.0	0.9416	6948631.5
0.86093944	48879600.0	0.908	6885705.5
0.8510507	45058604.0	0.9104	11872701.0
0.8473424	49496324.0	0.9216	10316539.0
0.86897403	47972452.0	0.9336	9943327.0
0.8510507	54014490.0	0.9064	10977785.0
0.8695921	46407170.0	0.9312	16142600.0
0.82323855	54794010.0	0.8672	6804679.5
0.86773795	45647920.0	0.9328	14158225.0
0.83003706	56236910.0	0.884	6626713.5
0.79789865	59001508.0	0.8504	16513699.0
0.8671199	49871244.0	0.9432	18621674.0
0.86402965	51007110.0	0.9312	11219551.0
0.84548825	55676510.0	0.9096	11971017.0
0.8776267	42747400.0	0.9448	17819188.0
0.802225	61540440.0	0.8544	4808554.0
0.8325093	56346196.0	0.8888	25247440.0
0.80964154	67230700.0	0.8416	22565032.0
0.8800989	46094364.0	0.9448	21918076.0
0.7750309	90934260.0	0.8072	7020521.0
0.8121137	71006790.0	0.828	40819784.0
0.82323855	68346880.0	0.8544	31406800.0
0.78924596	67472100.0	0.8432	23750120.0
0.7886279	69025640.0	0.832	28317814.0
0.8436341	62748604.0	0.892	28187928.0
0.8195303	74939340.0	0.8504	18304092.0
0.8473424	61951548.0	0.8944	30088440.0
0.78059334	91665220.0	0.7968	19182800.0
0.77070457	88559944.0	0.8104	39894620.0
0.83868974	65504504.0	0.8744	41630812.0
0.7700865	83721180.0	0.8208	22070648.0
0.77564895	84569580.0	0.8152	39107196.0
0.8720643	52960656.0	0.9248	43686584.0
0.76761436	104553250.0	0.7712	15929218.0
0.8733004	51879320.0	0.9288	62224012.0
0.73609394	105295310.0	0.7704	10699475.0
0.8671199	58022276.0	0.904	64519936.0
0.7119901	156726160.0	0.7184	15612894.0
0.8479605	57898936.0	0.8992	103587130.0
0.62175524	185742560.0	0.612	20418756.0
0.70580965	177848670.0	0.7144	150577330.0
0.6674907	235511550.0	0.6736	141020930.0
0.83003706	70489510.0	0.8736	191346580.0
0.4184178	454670180.0	0.4136	27838690.0
0.46662545	499965400.0	0.4824	414928900.0
0.5080346	663097660.0	0.512	450270850.0
0.7051916	218709920.0	0.728	547967200.0
0.6606922	222190880.0	0.6512	186095090.0
0.4511743	601424700.0	0.484	191029710.0
0.7404203	152919260.0	0.7392	565616960.0
0.66131026	298716700.0	0.6648	100697360.0
0.6304079	434944740.0	0.6432	219575650.0
0.67985165	368661000.0	0.712	355721730.0
0.6897404	276066460.0	0.7248	350559300.0
0.6928307	202102380.0	0.7344	232614690.0
0.7064277	200468180.0	0.716	178894430.0
0.72805935	175677040.0	0.732	180703660.0
0.71260816	188081660.0	0.704	146950580.0
0.7045736	185385200.0	0.7184	166182830.0
0.72435105	165186290.0	0.7664	123059950.0
0.7490729	148295360.0	0.7424	152140900.0
0.78924596	130760136.0	0.8192	85950810.0
0.7923362	116937330.0	0.8224	88286344.0
0.7948084	111658980.0	0.8224	67262840.0
0.8003708	113139224.0	0.8152	79244424.0
0.80964154	108202450.0	0.8424	75705470.0
0.82818294	94478950.0	0.8656	62057388.0
0.8263288	90072120.0	0.8552	59418980.0
0.83189124	86175010.0	0.8616	45553764.0
0.83374536	82621530.0	0.8512	45586856.0
0.829419	86100430.0	0.8584	38539636.0
0.828801	85719380.0	0.8576	38319850.0
0.8399258	81389220.0	0.8712	52505570.0
0.8479605	78872080.0	0.8848	34439440.0
0.8498146	78323896.0	0.8848	37628230.0
0.8498146	78630640.0	0.8856	38642090.0
0.8473424	77769660.0	0.8848	43685524.0
0.85043263	74734980.0	0.892	32796560.0
0.8485785	71518360.0	0.8624	29436720.0
0.8393078	71526110.0	0.8792	26051280.0
0.84672433	71361750.0	0.8816	30305800.0
0.8584672	70195740.0	0.8864	27691640.0
0.86402965	70852510.0	0.9088	20661456.0
0.86279356	70506760.0	0.8888	26475284.0
0.86897403	68069520.0	0.908	29165600.0
0.86773795	67535270.0	0.9048	20686620.0
0.8652658	67604520.0	0.8992	24055332.0
0.87144625	65481130.0	0.9128	24849186.0
0.8720643	64429184.0	0.9192	22234034.0
0.8733004	63528930.0	0.9144	22344868.0
0.8751545	62288440.0	0.9152	15932200.0
0.87824476	61449452.0	0.9208	16921686.0
0.87948084	60448068.0	0.9352	12569357.0
0.8807169	59710840.0	0.9208	21189578.0
0.8838072	58753028.0	0.9464	16541236.0
0.8844252	58006370.0	0.9328	14753866.0
0.88133496	57817870.0	0.9408	14678616.0
0.87948084	56926324.0	0.9192	22010340.0
0.8838072	55960804.0	0.9424	12202664.0
0.8825711	55026936.0	0.9424	13447483.0
0.88504326	54318676.0	0.9464	14263847.0
0.88504326	53649830.0	0.9488	14740043.0
0.88133496	53320644.0	0.9328	12408934.0
0.8856613	52988268.0	0.9376	13267693.0
0.8856613	53737270.0	0.9464	12045205.0
0.8838072	55002676.0	0.9352	11244401.0
0.881953	54631556.0	0.9448	11346469.0
0.8788628	54067130.0	0.9384	12252433.0
0.881953	53370996.0	0.9408	15877867.0
0.88875157	53020924.0	0.9488	10072596.0
0.8838072	53940960.0	0.9448	7650698.0
0.8875154	52163070.0	0.932	13901744.0
0.8844252	50540260.0	0.952	9965962.0
0.881953	50275292.0	0.9352	10995053.0
0.881953	50194256.0	0.9432	9627165.0
0.88504326	50013330.0	0.9472	10165060.0
0.8838072	48899748.0	0.9504	8340608.5
0.88133496	48240710.0	0.9392	8471717.0
0.8856613	47841548.0	0.9408	8316273.5
0.89184177	47011676.0	0.9496	7728333.5
0.8924598	47251628.0	0.9512	6941516.5
0.8906057	47402268.0	0.9584	8478245.0
0.88627934	47453050.0	0.9504	7749837.0
0.8844252	46921070.0	0.9464	10171646.0
0.88627934	46211532.0	0.948	6419707.0
0.88504326	45747188.0	0.948	5675549.0
0.8893696	45559612.0	0.9472	6856409.0
0.88875157	45194876.0	0.9464	7249668.5
0.8881335	45172036.0	0.9544	6158080.0
0.88875157	45280290.0	0.9536	10990599.0
0.8893696	45214880.0	0.956	9543226.0
0.8893696	45224028.0	0.9616	5760869.0
0.8912237	45163184.0	0.9608	6398797.5
0.8868974	45359336.0	0.9568	6565245.5
0.88627934	45545380.0	0.9536	7452969.5
0.88627934	46040816.0	0.9568	5252295.0
0.8856613	45859520.0	0.9544	6920213.5
0.88875157	45337372.0	0.9608	7107134.5
0.88875157	45055336.0	0.9528	10763926.0
0.88998765	44972748.0	0.9616	5617514.5
0.8856613	44943676.0	0.964	5013296.5
0.8856613	45154080.0	0.9528	6534068.5
0.88318914	45577932.0	0.948	5875947.0
0.8844252	45258836.0	0.96	8204427.5
0.88504326	44762292.0	0.9624	4319448.5
0.88627934	45010680.0	0.9568	5631719.0
0.8912237	45456170.0	0.9536	9338379.0
0.8912237	46273908.0	0.9608	9226851.0
0.88627934	45646680.0	0.9584	5519874.5
0.88133496	45325900.0	0.9608	5030521.0
0.87948084	44894920.0	0.9352	8268910.0
0.88998765	44193330.0	0.9744	3515708.5
0.88875157	44895100.0	0.9544	7028658.0
0.8844252	45328660.0	0.948	7614284.5
0.8844252	44989944.0	0.9624	4689008.5
0.881953	44423390.0	0.9408	8903602.0
0.88627934	43876384.0	0.9568	9608464.0
0.8893696	44132996.0	0.9616	6661062.0
0.8893696	44451520.0	0.9568	5649927.5
0.8893696	44562910.0	0.9712	4213664.5
0.8875154	44364976.0	0.9608	5546819.5
0.8776267	44911300.0	0.956	5007293.0
0.8881335	44578230.0	0.9696	5413281.0
0.8893696	44888692.0	0.9608	3679182.0
0.89369595	44112132.0	0.9712	5040127.0
0.89307785	43455640.0	0.9704	7486832.0
0.88998765	43312308.0	0.9664	4351406.5
0.8906057	43359748.0	0.9632	5532243.0
0.88875157	43557320.0	0.9688	5778168.0
0.88627934	43367204.0	0.9728	4401074.0
0.8881335	43036428.0	0.9592	7360366.0
0.8906057	43087564.0	0.9752	3661927.2
0.89184177	43382664.0	0.9752	3555505.8
0.88998765	43528000.0	0.9768	2952460.2
0.8912237	43113908.0	0.9776	3391058.8
0.88875157	43072944.0	0.9608	4487774.5
0.88627934	43112744.0	0.9712	7097611.0
0.8875154	43649530.0	0.9752	3312118.2
0.8893696	44008760.0	0.9664	4308229.5
0.89184177	43194476.0	0.968	4560241.0
0.88627934	42782148.0	0.9656	4939007.5
0.88133496	43164696.0	0.9592	8051785.5
0.8881335	43305164.0	0.9624	4262528.0
0.8856613	44348624.0	0.9632	2836426.0
0.88504326	42871148.0	0.9592	6081965.0
0.8807169	42361144.0	0.968	3164246.0
0.88627934	41931016.0	0.9616	5141458.0
0.8893696	42380068.0	0.9648	4237061.5
0.88998765	42187324.0	0.9656	5222909.0
0.8875154	41892840.0	0.9704	3168659.2
0.88627934	41982484.0	0.9736	3441511.2
0.8893696	42024460.0	0.9752	3678664.0
0.8881335	42748700.0	0.9608	3993943.2
0.8893696	42893440.0	0.9632	3967409.8
0.8912237	42313336.0	0.9688	3704058.8
0.8856613	42573444.0	0.9624	3643649.2
0.8893696	42181100.0	0.9728	6120309.0
0.8906057	42425388.0	0.9712	4946454.0
0.88875157	42112180.0	0.9736	3278884.5
0.88875157	41777936.0	0.9792	3968749.5
0.8875154	41690424.0	0.9664	3918209.0
0.8906057	41730160.0	0.9704	3667985.5
0.8875154	42425620.0	0.9808	3047745.2
0.8856613	42607868.0	0.9688	2788646.8
0.8881335	41712908.0	0.976	3193609.2
0.8800989	42226536.0	0.96	3406595.8
0.88998765	41691340.0	0.9688	5288478.5
0.89184177	42378140.0	0.9672	5458645.5
0.8912237	42598156.0	0.9696	3277667.2
0.8955501	41791870.0	0.9696	4604129.5
0.89369595	41140596.0	0.9704	4806190.5
0.8856613	41539652.0	0.968	3485344.2
0.89307785	41297564.0	0.9728	6356079.0
0.89307785	42533060.0	0.972	3241410.5
0.89184177	41574860.0	0.9712	7952892.0
0.8844252	41154576.0	0.9576	3123848.5
0.88627934	40907828.0	0.9736	4084853.2
0.8924598	41190980.0	0.9712	5370354.0
0.89184177	41288324.0	0.9664	3425501.5
0.8974042	40284396.0	0.9744	4440183.0
0.8881335	40361016.0	0.976	4041050.5
0.8856613	40465610.0	0.968	4424422.5
0.88875157	40459316.0	0.9736	6517136.0
0.8906057	40424436.0	0.9808	3703271.0
0.89493203	39725110.0	0.9784	3696436.8
0.894314	39604476.0	0.964	4582325.5
0.89184177	39581350.0	0.9736	6853264.5
0.8893696	40053148.0	0.9696	3379626.5
0.88627934	40753670.0	0.9688	3830407.2
0.8856613	40989820.0	0.9664	3830603.2
0.8844252	40115030.0	0.9728	5103714.5
0.88998765	39511860.0	0.9768	3250683.0
0.88998765	39597180.0	0.9752	3136762.0
0.89307785	39522930.0	0.9632	3924930.2
0.89184177	39533044.0	0.976	3341481.0
0.88627934	40212860.0	0.9784	3000315.8
0.88318914	40933564.0	0.9768	2543857.8
0.88133496	40831140.0	0.9672	4493985.5
0.8807169	40395510.0	0.9744	3854501.5
0.8912237	39666028.0	0.9848	3174000.8
0.8912237	40070220.0	0.968	2353331.8
0.89307785	40191764.0	0.964	4691137.5
0.89369595	39704104.0	0.9728	2771738.5
0.8924598	39455956.0	0.9784	2967820.0
0.8906057	39916960.0	0.9792	3102735.0
0.8881335	40613960.0	0.972	3787257.8
0.8868974	39892668.0	0.9784	3561142.2
0.88998765	39136144.0	0.9736	3359189.8
0.894314	39490320.0	0.9664	3270711.0
0.8912237	39346652.0	0.972	3872664.2
0.8924598	39415116.0	0.9728	3482786.2
0.8906057	39624532.0	0.9808	2735230.2
0.89184177	39571260.0	0.9736	5629244.5
0.8881335	39691600.0	0.9672	5234998.0
0.88875157	39400668.0	0.9752	3140301.8
0.8912237	39194300.0	0.98	4935037.5
